id	Всего сообщений	Сообщений ученика	Сообщений учителя
162881860	14	9	5
163720554	19	10	9
542225346	8	2	6
433941477	15	8	7
178097868	56	33	23
373048470	26	11	15
184185690	17	8	9
304741397	7	3	4
217617079	11	8	3
173674956	21	12	9
379372280	81	35	46
164745920	2	1	1
200456783	20	6	14
97440246	15	6	9
407179642	13	5	8
350176900	21	11	10
331710039	28	17	11
420405185	11	6	5
150522536	32	15	17
507140691	25	14	11
347431252	10	3	7
409439496	4	2	2
508761362	291	69	222
305598179	13	9	4
504520260	59	17	42
336058289	18	10	8
121489488	14	8	6
537854339	44	20	24
74436858	23	10	13
245164135	11	8	3
254629766	15	10	5
155763346	10	6	4
336133315	28	11	17
349929643	10	5	5
395091449	6	5	1
396981112	41	17	24
360847630	11	6	5
227162090	12	7	5
489083609	10	7	3
184043728	7	3	4
158278400	9	5	4
289835980	30	18	12
159374705	10	7	3
395745211	2	1	1
175547969	3	2	1
486004944	21	12	9
238256004	29	15	14
251953575	66	29	37
528712506	27	13	14
297743499	12	7	5
175397027	156	67	89
273269166	17	11	6
132424636	8	6	2
284488014	12	6	6
162357772	6	5	1
163017454	7	6	1
170127725	24	14	10
144108157	6	4	2
181001720	9	5	4
303187613	9	4	5
208356144	9	4	5
184737117	14	8	6
247287243	23	11	12
212038420	15	10	5
439552406	9	6	3
14165678	12	8	4
168438070	27	11	16
191798417	10	7	3
166826425	8	3	5
535557015	42	12	30
171331370	11	7	4
136919512	32	14	18
167613987	18	11	7
171290862	8	4	4
483185605	41	21	20
120747310	20	10	10
235358984	15	9	6
77931245	7	4	3
137836393	8	4	4
321777997	6	3	3
175068111	14	6	8
450600459	10	4	6
154643265	10	7	3
370092497	12	8	4
319912806	32	17	15
299984300	11	5	6
166425705	7	5	2
230163325	3	1	2
162308863	25	15	10
269031326	16	7	9
165521752	10	5	5
92333960	12	7	5
190383371	13	7	6
520754907	8	4	4
88661374	11	6	5
503730038	26	16	10
274172828	11	6	5
126686652	10	6	4
301263550	8	6	2
239481265	9	4	5
94493417	10	5	5
301187697	7	5	2
351629899	15	8	7
333734385	6	3	3
538571500	10	4	6
532647982	17	9	8
401792706	47	25	22
498652579	10	6	4
271306269	11	6	5
352455699	18	9	9
195917050	8	6	2
135563563	50	19	31
143927383	4	2	2
520273840	6	0	0
231974164	8	6	2
429145349	7	4	3
97484555	5	4	1
458818090	7	3	4
502316587	12	4	8
292398157	5	2	3
208559087	21	10	11
277391949	15	10	5
543656360	4	2	2
210112860	5	1	4
165812534	13	5	8
246777326	14	9	5
180160064	10	6	4
326430841	11	7	4
291129196	10	5	5
256138264	11	7	4
172510578	6	3	3
445095241	14	8	6
164280411	13	6	7
132150128	8	6	2
139194032	21	12	9
525358861	5	2	3
522612773	35	15	20
89715287	6	3	3
537876010	10	5	5
382696971	11	7	4
124038313	9	7	2
166830732	9	3	6
287355182	9	6	3
61874159	5	3	2
57193881	6	5	1
175181378	32	15	17
105077045	24	9	15
115438861	9	5	4
152023489	3	2	1
508112332	13	8	5
306036032	41	20	21
245797486	10	7	3
220068171	6	5	1
185049336	15	7	8
181008256	10	6	4
298720502	24	12	12
439482487	28	14	14
133518452	10	5	5
56185742	91	38	53
171714789	17	9	8
298880200	7	3	4
249254837	10	7	3
155288103	20	10	10
160955392	8	5	3
330427715	7	3	4
360652335	6	3	3
506212911	8	3	5
228561505	8	6	2
208771927	7	2	5
370823275	12	4	8
238454223	10	7	3
489087458	14	8	6
90733187	6	3	3
448157539	12	4	8
543764641	85	41	44
157265885	2	1	1
216314166	7	2	5
157773927	7	4	3
297872807	20	11	9
199013028	18	9	9
158200592	7	5	2
150882997	37	21	16
159951569	14	7	7
185618290	23	10	13
216857834	7	3	4
150809312	4	2	2
172561318	5	2	3
259139907	16	6	10
269155388	9	3	6
471650901	16	9	7
500359446	25	14	11
175360490	9	5	4
202905853	23	12	11
181465433	13	8	5
236047695	8	3	5
134648480	4	2	2
170720513	7	5	2
508420727	11	6	5
418053276	5	2	3
238410574	3	1	2
508420727	11	6	5
418053276	5	2	3
238410574	3	1	2
76619255	13	5	8
254175742	13	7	6
119632317	8	3	5
215534446	67	26	41
170951319	13	5	8
203868007	15	7	8
469603604	16	7	9
479273721	29	17	12
154669649	26	12	14
172617816	4	2	2
146971059	10	4	6
419355239	10	4	6
139567091	14	8	6
191668285	15	9	6
177772684	21	7	14
307112088	4	2	2
357011440	6	3	3
459255993	18	9	9
459908220	10	7	3
295807169	10	7	3
184857204	15	6	9
270673068	35	17	18
358308684	9	6	3
141270329	20	10	10
370467756	14	8	6
179854846	18	7	11
172002015	9	5	4
115812501	13	5	8
180462716	21	9	12
238674678	10	4	6
249289797	17	8	9
153313114	5	2	3
223129198	17	9	8
222252696	11	5	6
433146184	8	4	4
188954044	28	16	12
203982608	12	8	4
216432710	19	9	10
458317991	13	5	8
165632232	4	2	2
445853679	12	7	5
58595032	16	10	6
91606702	9	4	5
516817201	15	6	9
477386566	14	10	4
132270970	31	15	16
64250211	28	15	13
263288514	9	6	3
106302579	22	8	14
321252004	10	7	3
137409770	10	6	4
319702871	14	8	6
195032969	4	2	2
217167991	9	7	2
347440265	12	8	4
162957119	87	37	50
454095268	3	2	1
203208788	10	6	4
238962909	12	6	6
522190861	39	19	20
525306194	16	9	7
252288226	20	9	11
177681815	12	7	5
470874382	8	6	2
376646771	18	10	8
132361296	3	2	1
155302126	4	2	2
184710891	31	15	16
214987403	8	6	2
252150131	16	9	7
280336920	22	13	9
118633379	6	5	1
354884368	6	5	1
122566845	16	6	10
166702750	15	9	6
182301424	7	5	2
366977662	10	7	3
194243558	10	4	6
162312223	24	13	11
444498870	5	2	3
151119480	13	8	5
376163404	5	2	3
389307237	10	4	6
274517968	10	7	3
59230324	15	6	9
144352389	4	2	2
141776899	9	6	3
371779853	15	7	8
223751743	6	3	3
218200077	14	9	5
279284716	28	13	15
319276624	8	4	4
201473861	8	6	2
221775819	13	8	5
143580742	11	7	4
210693280	13	8	5
492434887	13	8	5
429118579	2	1	1
202015383	7	5	2
138706633	4	2	2
211952118	8	6	2
521821541	11	8	3
338451785	7	4	3
118817817	8	6	2
452860334	19	9	10
77112046	20	11	9
92279664	14	7	7
142726040	27	14	13
327642316	15	8	7
319142574	6	3	3
281877381	21	9	12
286996738	7	5	2
170933890	9	5	4
71480636	7	5	2
237289501	23	11	12
176490090	29	13	16
195388299	7	3	4
40930260	14	6	8
508222454	27	0	0
174780299	43	22	21
207991198	5	2	3
408860240	3	1	2
133108956	3	2	1
137032321	16	6	10
96097922	13	8	5
429766445	11	5	6
300650058	16	10	6
446093990	7	3	4
488639954	13	8	5
88811716	23	13	10
166608591	6	5	1
244867283	8	6	2
230178133	6	2	4
312361165	4	2	2
290733572	8	6	2
151206056	5	2	3
124469472	6	5	1
181806025	15	9	6
179434760	23	13	10
160630119	2	1	1
165315367	10	6	4
475985089	7	3	4
284946391	2	1	1
367782524	12	6	6
402101775	4	2	2
195906013	5	3	2
372104765	15	9	6
174806390	8	3	5
508123096	11	7	4
391787146	7	4	3
81277951	12	6	6
465727328	15	4	11
159838878	8	6	2
217036439	4	2	2
346247878	6	3	3
400416369	23	9	14
247763856	43	12	31
198676759	3	2	1
255534232	7	5	2
497281507	9	0	0
215650709	10	5	5
385766994	10	5	5
239242637	14	7	7
134985713	9	6	3
135497512	5	3	2
143451851	6	5	1
278522976	21	12	9
372638490	24	12	12
151743865	17	7	10
74478134	108	49	59
180682201	3	1	2
266471879	7	5	2
252575019	13	7	6
528962836	9	6	3
239186216	23	8	15
325341106	7	4	3
150586880	20	11	9
141966920	6	5	1
310002547	23	11	12
398282209	11	8	3
434890603	9	5	4
421088171	11	7	4
165702723	11	7	4
427170761	6	5	1
311417856	6	5	1
181108367	4	2	2
153252947	88	34	54
106582332	4	2	2
498648965	6	5	1
163277119	12	6	6
170581781	17	10	7
245473593	9	4	5
440007170	10	4	6
365450429	10	5	5
232884737	15	9	6
148902996	7	4	3
494167818	11	8	3
437450350	7	5	2
178464190	18	10	8
203063442	15	7	8
157738983	14	7	7
423859799	14	9	5
161497154	11	6	5
197524246	9	6	3
184620764	8	5	3
358976514	5	2	3
139449095	5	3	2
89295389	8	4	4
533210725	11	5	6
404439988	41	17	24
355482050	10	3	7
228871623	18	8	10
202091086	14	7	7
3602010	9	5	4
184538268	3	1	2
134654668	6	3	3
541105584	9	6	3
123151552	13	5	8
135245258	9	6	3
77966253	23	13	10
321620229	17	10	7
258714291	9	5	4
205642911	28	14	14
396635680	18	10	8
296765544	9	6	3
385206497	13	8	5
158134553	7	5	2
110865162	7	3	4
277711247	11	6	5
156013814	19	8	11
112318481	21	11	10
205251660	3	2	1
109558912	7	3	4
419827244	10	6	4
270150751	4	2	2
323670328	5	3	2
208685785	34	18	16
524616965	4	2	2
541760679	6	3	3
180774724	12	8	4
237649862	11	7	4
153610343	8	4	4
139339690	15	8	7
318227439	5	4	1
209420132	10	4	6
256232911	10	7	3
102679834	7	5	2
223672114	6	3	3
506639328	8	3	5
439550436	6	3	3
269693861	7	3	4
266473129	11	4	7
437743575	10	6	4
400633906	6	5	1
154831294	13	8	5
182475373	7	6	1
159800163	9	4	5
223095621	10	6	4
197700071	16	11	5
271763488	17	8	9
397821810	2	1	1
124968658	6	3	3
77379207	16	9	7
131898060	5	4	1
227296940	27	11	16
155016773	20	10	10
113342814	6	3	3
486130079	10	7	3
135950991	5	3	2
87560143	2	1	1
154600425	8	6	2
446022317	9	6	3
66937673	7	5	2
404527410	3	2	1
155029181	6	2	4
31631821	7	3	4
164886100	11	7	4
330976309	3	2	1
145001366	4	1	3
228793122	21	12	9
82281753	10	5	5
265903623	2	1	1
256865704	10	7	3
316310330	2	1	1
325636802	10	5	5
188248080	13	7	6
121624691	6	4	2
499969750	16	7	9
122716447	3	2	1
154530395	11	4	7
544952797	12	7	5
346181883	7	6	1
538950259	14	7	7
132242236	2	1	1
497533176	6	4	2
544794584	7	3	4
544776546	12	7	5
544763802	6	4	2
544735677	16	8	8
544590701	1	1	0
544549634	1	1	0
544473919	4	4	0
544218969	7	4	3
544095833	9	6	3
544027920	4	4	0
543954702	8	6	2
543879545	5	4	1
543729450	4	4	0
543725825	3	3	0
543686386	9	5	4
543485631	4	4	0
543381441	4	4	0
543341184	16	11	5
542926037	4	4	0
542866165	6	5	1
542784711	4	4	0
542508366	4	4	0
542014195	4	4	0
541645408	17	11	6
541528198	3	3	0
541364344	14	10	4
540630006	5	4	1
540316612	16	9	7
540132091	4	4	0
539962653	13	9	4
539855071	3	2	1
539287118	4	4	0
539243211	73	45	28
539201716	4	4	0
539167829	4	4	0
538270935	13	7	6
537920759	6	5	1
537401268	9	6	3
537336815	1	1	0
537252955	9	6	3
537142238	15	9	6
536641100	4	4	0
536596928	1	1	0
536152736	6	5	1
535979158	20	8	12
535658047	4	4	0
535423277	21	9	12
535337547	1	1	0
534516328	4	4	0
533799454	4	4	0
533166295	12	7	5
531935939	4	4	0
531921328	4	4	0
531791429	4	4	0
530905230	7	5	2
530733760	4	4	0
530347148	4	4	0
529846250	1	1	0
529370191	7	6	1
528305376	4	4	0
527988015	4	4	0
527598645	25	12	13
527569256	4	4	0
527191177	3	3	0
526913261	4	4	0
526730043	4	4	0
526643024	4	4	0
526440713	1	1	0
526427934	7	4	3
525232063	5	3	2
524906952	4	4	0
524790931	1	1	0
524643768	6	5	1
524375954	7	5	2
523966364	81	39	42
523956156	4	3	1
523647146	3	3	0
522372788	4	4	0
522368102	6	5	1
522069624	60	30	30
522058664	3	3	0
521290134	8	5	3
521278810	93	38	55
521161030	3	3	0
520840338	4	4	0
520494787	1	1	0
520434872	8	6	2
519864382	4	4	0
519362623	4	4	0
519355974	4	2	2
517393217	11	5	6
517360239	4	4	0
517308534	3	3	0
517262357	9	5	4
517233167	8	6	2
517106462	4	4	0
516629011	4	4	0
516414262	4	4	0
516157558	3	3	0
515547655	1	1	0
515271593	4	4	0
514754269	3	3	0
515547655	1	1	0
515271593	4	4	0
514754269	3	3	0
514427753	21	10	11
513977156	4	4	0
513851036	3	3	0
513725443	10	7	3
513160581	4	4	0
512787664	1	1	0
512731349	4	4	0
512472491	4	4	0
512303780	4	4	0
511970927	4	4	0
511277792	6	4	2
511037349	4	4	0
511006487	3	2	1
510517008	4	4	0
509772720	7	5	2
509524435	12	7	5
509372168	13	8	5
509356405	4	4	0
509284296	4	4	0
508967119	1	1	0
508894889	8	6	2
508869876	4	4	0
508535119	1	1	0
508515329	4	4	0
508384130	12	7	5
508317383	4	4	0
508260275	4	4	0
508212280	3	3	0
508116053	4	4	0
508076918	7	5	2
507952337	3	3	0
507754641	4	3	1
507656181	5	3	2
507518612	1	1	0
507284459	3	3	0
506660540	3	3	0
506343997	3	2	1
506282199	4	4	0
506144490	13	8	5
505877598	6	5	1
505868329	4	4	0
505799540	7	5	2
505699627	4	4	0
505665000	4	4	0
505581467	12	7	5
505302345	4	4	0
505101849	4	4	0
504894325	3	3	0
504087732	3	3	0
503915151	4	4	0
503893507	1	1	0
503875834	10	6	4
503768723	1	1	0
503703501	7	5	2
503694668	8	6	2
503589275	42	26	16
503544016	4	4	0
503431955	4	4	0
503307258	18	10	8
503258435	4	4	0
503157129	4	4	0
503125428	15	9	6
503121257	4	4	0
503001012	15	8	7
502661527	4	4	0
502224543	4	4	0
502170820	10	6	4
502129626	1	1	0
501589364	13	7	6
501119893	8	6	2
501020131	4	4	0
500599936	4	4	0
500450969	4	0	0
500349958	4	4	0
500188236	3	3	0
500145360	4	4	0
500070846	9	6	3
499721801	4	4	0
499666748	18	9	9
499539714	3	2	1
499427892	4	4	0
499379498	4	4	0
499267879	3	3	0
498629927	8	6	2
498557848	3	3	0
498540943	1	1	0
498521275	41	0	0
162389775	6	3	3
498302219	4	4	0
498104301	9	7	2
498031791	4	4	0
498023994	4	4	0
498004793	7	5	2
497700761	1	1	0
497481728	4	4	0
497297588	4	4	0
497142238	4	4	0
497090181	3	3	0
497052424	11	6	5
496917161	9	6	3
496893936	4	4	0
496696814	4	4	0
496685164	9	6	3
496508135	4	4	0
496488740	1	1	0
496264273	6	4	2
495884755	6	5	1
495422023	7	5	2
495091883	4	4	0
494826927	4	4	0
494692271	1	1	0
494405403	6	5	1
494232827	4	4	0
494042693	4	4	0
493366609	4	4	0
493087540	15	9	6
492973265	4	4	0
492953186	8	6	2
492889724	4	4	0
492387751	4	4	0
492207400	4	4	0
492162505	3	3	0
492136273	22	12	10
491685612	8	6	2
491641751	4	4	0
491595185	6	4	2
491557628	4	4	0
491543192	5	4	1
491219727	5	4	1
491068517	1	1	0
490768270	13	8	5
490472604	4	4	0
490383953	31	14	17
490166274	12	8	4
489394301	7	6	1
489318634	4	4	0
489164062	6	5	1
488670925	12	7	5
488523163	7	5	2
488422875	6	5	1
488403154	4	4	0
487884306	4	4	0
487648390	4	4	0
487485665	4	4	0
487145369	8	5	3
487102247	3	3	0
486774353	5	4	1
486356436	12	7	5
486223943	6	3	3
486157138	4	4	0
485983309	10	7	3
485923360	10	6	4
485064390	3	3	0
485049982	4	4	0
484837714	5	3	2
484485234	3	3	0
484443541	4	4	0
484168203	3	3	0
483999948	4	4	0
483970055	10	7	3
483557503	4	4	0
483552770	4	4	0
483504581	15	9	6
483398296	4	4	0
483195829	6	5	1
482344612	6	5	1
482185315	12	7	5
482060754	6	5	1
481189082	11	5	6
481100516	1	1	0
480940778	11	5	6
480512518	4	4	0
480252030	7	5	2
479175187	1	1	0
479158865	10	7	3
479099061	4	4	0
478943229	4	4	0
478745404	4	4	0
478604648	13	8	5
478585933	4	4	0
477783904	4	4	0
477211363	3	3	0
477058239	11	6	5
477050876	12	8	4
476893229	12	7	5
475979973	3	3	0
475366021	4	4	0
475356922	4	4	0
475040040	18	8	10
474658715	16	7	9
473858210	22	12	10
473181982	4	4	0
472902007	12	6	6
472569323	4	4	0
472337147	1	1	0
471794654	8	5	3
471236350	4	4	0
471008813	4	4	0
470920452	4	4	0
470797100	4	4	0
470525982	11	7	4
470286345	1	1	0
469992141	1	1	0
469600198	11	7	4
469161602	21	7	14
468245122	4	4	0
467898268	4	4	0
467888316	3	3	0
467506533	1	1	0
467348687	10	5	5
467174170	4	4	0
466753485	4	4	0
466430201	3	3	0
465797548	4	4	0
465593666	6	4	2
465550608	3	3	0
465359308	1	1	0
465356361	3	3	0
465166913	6	5	1
465121904	4	4	0
465078993	6	5	1
464135368	4	4	0
463946620	4	4	0
463820156	6	5	1
463352333	3	3	0
462668504	11	7	4
462664283	16	9	7
461975054	7	5	2
461775536	11	6	5
461465875	4	4	0
461402247	6	5	1
461293362	9	5	4
461094266	4	4	0
461055515	6	5	1
460926799	4	3	1
460693905	8	3	5
460299213	4	4	0
458933966	6	5	1
458237190	7	5	2
457581878	10	7	3
457355293	4	4	0
457039160	4	4	0
456468182	3	0	0
456036903	9	6	3
455905664	6	5	1
455792937	4	4	0
455114547	4	4	0
454947637	7	5	2
454656336	4	4	0
454639673	4	4	0
454490160	18	11	7
454210271	4	4	0
453987900	4	4	0
453864351	19	9	10
452876801	4	4	0
452194097	3	3	0
451886090	9	6	3
451470778	4	4	0
451459040	3	3	0
448945519	5	4	1
448707762	7	5	2
448378590	4	4	0
447610276	4	4	0
447379623	4	4	0
447304081	3	3	0
447239041	8	5	3
447092186	4	4	0
446976865	7	5	2
446818796	6	3	3
446780969	1	1	0
446720124	4	4	0
446532794	4	4	0
446165573	1	1	0
445933199	1	1	0
445615637	4	4	0
445453276	4	4	0
444874516	1	1	0
444645380	1	0	0
444238559	4	4	0
444100744	6	5	1
443985677	6	5	1
443971011	4	4	0
443950373	1	1	0
443623920	1	1	0
443285484	5	4	1
443114798	3	3	0
442956948	8	6	2
442785580	3	3	0
442573647	12	6	6
442285920	3	2	1
442206457	1	1	0
441970695	3	3	0
441876234	4	4	0
441768123	4	4	0
441734747	1	1	0
441542499	5	4	1
441428037	8	3	5
440298082	4	4	0
439757670	4	4	0
439735146	3	3	0
439575586	4	4	0
439571356	1	1	0
439255652	12	9	3
438945372	1	1	0
438601355	3	3	0
438482093	4	4	0
437996570	4	4	0
437645760	1	1	0
437427322	5	4	1
436798348	4	4	0
436666168	6	5	1
436430557	4	2	2
436398679	14	7	7
436313956	6	5	1
436009598	3	3	0
435898170	7	3	4
435756256	9	7	2
435434367	4	4	0
435403735	4	4	0
435224244	10	7	3
435214571	23	14	9
435189010	3	3	0
434617830	6	5	1
434468247	11	7	4
434053252	4	4	0
433979379	6	5	1
433540496	1	1	0
433305679	1	1	0
433094741	12	8	4
432553095	6	5	1
432502054	3	3	0
432090366	1	1	0
432011946	3	3	0
431996517	4	4	0
431891681	3	3	0
431647955	3	3	0
431373872	6	5	1
431335765	1	1	0
431268557	4	4	0
431042964	4	4	0
431039458	4	4	0
430873395	4	4	0
430721578	5	3	2
430442326	4	0	0
430048976	3	3	0
429876923	10	5	5
429513930	4	4	0
429367045	4	4	0
428733359	5	3	2
427393063	6	5	1
427282257	4	4	0
426675105	1	1	0
426561538	1	1	0
425049059	8	6	2
424556525	15	7	8
424222580	6	5	1
424027015	4	4	0
423044801	3	3	0
421891667	1	1	0
421431758	4	4	0
421280193	6	4	2
420854423	4	4	0
420669387	3	3	0
420646324	7	4	3
419862412	22	9	13
419496332	13	7	6
418886614	7	5	2
417451224	3	3	0
416308218	4	4	0
415970809	6	5	1
415758374	8	5	3
414861683	5	4	1
414694214	4	4	0
414411920	9	5	4
414250388	1	1	0
413536653	20	11	9
413502949	7	0	0
413355004	1	1	0
413302942	4	4	0
413147154	4	4	0
413053498	3	3	0
412480211	9	6	3
412256870	9	6	3
412166034	1	1	0
411664294	3	3	0
411662588	10	0	0
411459806	4	4	0
411079985	3	3	0
410715927	6	5	1
410307588	9	6	3
410205510	1	1	0
410188819	4	4	0
410005202	6	5	1
409828227	4	4	0
409658912	4	4	0
409441920	3	3	0
409108133	4	4	0
409108133	4	4	0
408809476	4	4	0
408404214	4	4	0
408193834	12	8	4
407904256	4	4	0
407810011	6	5	1
407520076	4	4	0
406776426	3	3	0
406495602	7	5	2
406149093	4	4	0
406137366	4	4	0
405920510	7	5	2
405828351	3	3	0
405253759	7	5	2
405090527	4	4	0
404931574	8	6	2
404471430	4	4	0
404243242	4	4	0
404129348	4	4	0
404079470	5	4	1
403513776	8	6	2
403403458	5	4	1
403321473	4	4	0
402882199	18	9	9
402134180	4	4	0
402074941	4	4	0
401352669	4	4	0
401054118	4	4	0
400989122	6	5	1
400476880	3	3	0
399849349	4	4	0
399708979	4	4	0
399598797	13	7	6
399375958	7	5	2
399264545	11	8	3
399228897	3	3	0
399128339	16	8	8
399052033	11	4	7
398941795	4	4	0
398802784	27	12	15
398460645	8	5	3
397866118	15	6	9
397772589	3	3	0
397652619	4	4	0
397499177	19	11	8
397156426	4	4	0
397099108	13	8	5
396992623	3	3	0
396968603	8	5	3
396358983	17	8	9
396165579	9	7	2
396000532	12	6	6
395460748	1	1	0
395182734	1	1	0
394768051	10	6	4
394616889	1	1	0
394463812	13	6	7
394262444	3	2	1
393914343	4	4	0
393707883	21	10	11
393533043	3	3	0
393453214	12	4	8
393399988	7	5	2
393076975	4	4	0
392758391	8	0	0
392226635	4	4	0
392007062	3	3	0
391840806	4	4	0
391438178	4	4	0
391323993	19	10	9
391150045	10	7	3
390967854	3	3	0
390591693	5	4	1
390573289	11	6	5
390419674	11	7	4
390065375	46	18	28
389663140	8	5	3
389389365	1	1	0
388982742	16	9	7
388884893	4	4	0
388852590	1	1	0
388817835	4	4	0
388787231	12	7	5
388580614	4	4	0
387866051	3	2	1
387254112	4	4	0
387215661	1	1	0
386098036	8	6	2
385991878	7	5	2
385615160	1	1	0
384753450	4	4	0
384553360	4	4	0
384353355	3	3	0
384054257	4	4	0
383325480	4	4	0
383306059	13	8	5
383127236	4	4	0
382958415	6	5	1
382874075	16	9	7
382793134	3	3	0
382729414	40	13	27
382473625	4	4	0
382445826	4	4	0
382383687	4	4	0
382237928	7	5	2
382119555	3	3	0
381784704	1	1	0
381649810	11	8	3
381463186	4	4	0
381355139	3	3	0
380835091	8	6	2
380700505	1	1	0
380681865	7	4	3
380458690	4	4	0
380164916	9	5	4
379703183	4	4	0
379633387	4	4	0
379520537	4	4	0
379358361	3	3	0
378887980	3	3	0
378877879	6	5	1
378796401	10	6	4
378702582	4	4	0
378584885	9	6	3
378519881	12	7	5
378309819	7	5	2
378280179	4	4	0
377849695	4	4	0
377584071	9	7	2
377343226	8	5	3
376871674	3	3	0
376704596	8	6	2
376532826	4	4	0
376449881	1	1	0
376365980	4	4	0
376287566	4	4	0
376066382	6	5	1
376049148	8	5	3
376048395	4	4	0
375979269	4	4	0
375970092	4	4	0
375834227	3	3	0
375273111	4	2	2
374605870	3	3	0
374150167	4	4	0
374047429	9	6	3
374018896	12	7	5
373716188	4	4	0
373683584	4	4	0
373247848	4	4	0
373018122	4	4	0
372826356	3	3	0
372654202	11	7	4
372649262	4	4	0
372459843	14	9	5
372344886	13	7	6
372268139	9	6	3
372256077	8	6	2
372219544	12	5	7
372177676	4	4	0
372106694	4	4	0
371767513	6	5	1
371294198	3	3	0
370950356	4	4	0
370589176	4	4	0
370405407	6	5	1
370219223	1	1	0
369538245	4	4	0
369472752	6	5	1
369280203	16	9	7
368375795	3	3	0
368336679	8	6	2
368119031	6	5	1
367848099	8	4	4
367598216	4	4	0
367479431	7	5	2
367013889	6	5	1
366987672	61	23	38
366884496	4	4	0
366597196	1	1	0
366590467	6	5	1
366290515	4	4	0
366270704	4	4	0
366228961	11	6	5
366028187	10	7	3
365573051	4	4	0
365534889	4	4	0
365226129	6	5	1
364908696	4	4	0
364739246	36	15	21
364433945	14	7	7
364365485	1	1	0
364322157	3	3	0
364145294	19	10	9
364096957	4	4	0
363912642	4	4	0
363785350	1	1	0
363591630	3	3	0
363507401	4	4	0
363501973	7	4	3
363236916	3	3	0
363160801	10	6	4
363160745	4	4	0
362900909	4	4	0
362834238	4	4	0
362795250	4	4	0
362002153	4	4	0
361756202	3	3	0
361691792	4	4	0
361488710	4	4	0
361104044	4	4	0
360865891	1	1	0
360819236	6	5	1
360748987	4	4	0
360748661	1	1	0
360563176	4	4	0
360550838	4	4	0
360404899	6	5	1
360067460	3	3	0
359731268	3	3	0
359343310	8	5	3
359337210	8	6	2
359336997	6	5	1
359180054	3	3	0
359130529	1	1	0
359039922	8	6	2
358755158	1	1	0
358551901	4	4	0
358436874	9	6	3
358169909	3	3	0
357682272	14	7	7
357490056	22	9	13
356688276	2	2	0
356517851	10	5	5
356086737	7	3	4
355934060	4	4	0
355301373	4	4	0
355217659	4	4	0
354540211	9	6	3
354209751	10	7	3
354190355	10	6	4
353970410	3	2	1
353779556	4	4	0
353707140	16	9	7
353686535	4	4	0
353447596	8	6	2
353399790	4	4	0
353371409	4	4	0
353336580	6	5	1
353315583	4	4	0
352419040	27	11	16
352371946	4	4	0
351863355	4	4	0
351132434	1	1	0
350940670	26	14	12
350789900	4	3	1
350782441	4	4	0
350321982	4	4	0
349903273	3	3	0
349788855	11	6	5
349639447	17	11	6
349620614	1	1	0
349185870	29	14	15
349175678	3	3	0
348909127	4	4	0
348809745	1	1	0
348734394	4	4	0
348508457	4	4	0
348404290	4	4	0
348388791	3	3	0
347694568	4	4	0
347302999	4	4	0
347136627	52	22	30
346950294	11	5	6
346562099	6	5	1
346143374	4	4	0
346045222	3	3	0
346019820	7	5	2
345996385	3	3	0
345789611	7	5	2
345660395	4	4	0
345498607	7	5	2
345485384	13	4	9
345323578	1	1	0
343403224	3	3	0
343397371	17	10	7
343346868	10	7	3
343218834	1	1	0
343036196	4	4	0
342894015	3	3	0
342660875	4	4	0
342622078	7	5	2
342580698	4	4	0
342194469	3	3	0
342171425	4	4	0
342123958	4	4	0
342101028	7	5	2
341779203	25	11	14
341406849	4	4	0
341022840	4	4	0
340713001	4	4	0
340605772	4	4	0
340555423	4	4	0
339201016	6	3	3
339173577	7	5	2
338864861	4	4	0
338826203	6	5	1
338746509	4	4	0
338655320	3	3	0
338451325	12	8	4
338429807	3	3	0
338363750	10	6	4
338358095	4	4	0
338013661	4	4	0
337576340	4	4	0
337242029	4	4	0
337046225	4	4	0
337038428	9	6	3
337031402	4	4	0
336784195	36	12	24
336726601	4	4	0
336598965	4	4	0
336565044	4	4	0
336271241	3	3	0
336099576	1	1	0
335947315	4	4	0
335424609	4	4	0
335332437	4	4	0
335325605	9	6	3
334800879	4	4	0
334080564	9	6	3
334020852	4	4	0
333671146	7	5	2
333656747	4	4	0
333362480	4	4	0
333354129	1	1	0
333348142	4	4	0
333045527	13	0	0
332992380	4	4	0
332693558	4	4	0
331952350	4	4	0
331612683	3	3	0
331194348	40	17	23
330999625	4	4	0
330971424	1	1	0
330804215	3	3	0
330610496	4	4	0
330006206	18	9	9
329885860	10	6	4
329843098	4	4	0
329820763	4	4	0
329558289	1	1	0
329409201	4	4	0
329406890	4	4	0
329377425	7	5	2
329287667	11	7	4
328975131	9	5	4
328591156	8	6	2
328260039	4	4	0
328249089	6	5	1
328064913	4	4	0
327937019	4	4	0
327746065	19	9	10
327635264	12	7	5
327252292	4	4	0
327011341	1	1	0
327002884	6	3	3
326819281	3	3	0
326738076	4	4	0
326517385	7	5	2
326447160	4	4	0
326384045	4	4	0
325878326	1	1	0
325789777	4	4	0
325587977	6	5	1
325419300	4	4	0
325320017	23	12	11
325124131	3	3	0
325081241	1	1	0
324916979	7	5	2
324849918	9	6	3
324793666	6	5	1
324715704	7	5	2
324676434	4	4	0
324502767	3	3	0
324187628	1	1	0
324046376	10	7	3
323856145	5	4	1
323708821	6	5	1
323666578	4	4	0
323215848	9	6	3
323188289	4	4	0
323090382	4	4	0
323005185	4	4	0
322936086	22	8	14
322919896	9	6	3
322638486	11	6	5
322571388	4	4	0
322561585	6	3	3
322437362	18	10	8
322437362	18	10	8
322298397	3	3	0
321729769	3	3	0
321622215	13	8	5
321454066	1	1	0
321431293	6	5	1
321403206	6	3	3
321381771	4	4	0
321277422	4	4	0
321041291	1	1	0
320957130	4	4	0
320733939	1	1	0
320728597	4	4	0
320411687	4	4	0
320157265	6	5	1
319962047	3	3	0
319917427	4	0	0
319857217	4	4	0
319740061	5	3	2
319636176	3	3	0
319614178	4	4	0
319230248	1	1	0
319024841	4	4	0
318642594	4	4	0
318210036	4	4	0
317979671	8	6	2
317615745	4	4	0
317593362	7	4	3
317532131	8	4	4
317277957	18	7	11
316714390	5	4	1
316377127	4	4	0
316256035	4	4	0
316223434	6	5	1
316212743	7	5	2
316081554	4	4	0
315623246	1	1	0
315561369	4	4	0
315489650	3	3	0
315382001	4	4	0
315156561	6	5	1
314982102	3	3	0
314668238	3	3	0
314373322	4	4	0
314210248	8	5	3
314051408	15	7	8
313951080	6	4	2
313895617	4	4	0
313830530	1	1	0
313581241	8	5	3
313314620	4	4	0
313179595	4	4	0
312788127	4	4	0
312522366	28	14	14
312334789	3	3	0
312283471	4	4	0
312275010	8	5	3
312088586	3	3	0
311793386	6	4	2
311441950	5	4	1
311352947	3	3	0
311242775	4	4	0
310987435	4	4	0
310732987	10	5	5
310553970	9	6	3
310532669	4	4	0
310297434	3	2	1
310246864	4	4	0
310014185	4	4	0
309938534	4	4	0
309840208	8	6	2
309756697	6	5	1
309659075	18	9	9
309492923	4	4	0
309233077	8	6	2
309041140	4	4	0
308783268	15	9	6
308298232	3	3	0
308205173	4	4	0
308079019	4	4	0
307809746	9	6	3
307587949	6	4	2
307220496	4	4	0
307130288	4	4	0
306856343	4	4	0
306588287	4	4	0
306560619	4	4	0
306372850	3	3	0
306014728	8	6	2
305839967	4	4	0
305600232	4	4	0
305532968	3	3	0
305449947	11	8	3
305093594	4	2	2
304708825	1	1	0
304578465	4	4	0
304485706	4	4	0
304365229	33	17	16
304347798	4	4	0
304313662	4	4	0
304104504	15	9	6
303973604	1	1	0
303840257	1	1	0
303829551	4	4	0
303459624	1	1	0
303312564	4	4	0
303227218	3	3	0
302847624	22	12	10
302801577	4	4	0
302770972	9	6	3
302641921	7	5	2
302455920	4	4	0
302428123	6	5	1
302324463	20	11	9
302236808	4	4	0
302219184	4	4	0
302168230	14	6	8
302162544	8	5	3
302160533	4	4	0
302109539	1	1	0
301927071	4	4	0
301853795	1	1	0
301620104	10	7	3
301581093	4	4	0
301419024	7	5	2
301353133	1	1	0
301233261	4	4	0
301099459	6	5	1
300715818	6	5	1
300478411	1	1	0
300272258	4	4	0
300140534	6	5	1
299937269	4	4	0
299756168	4	4	0
299667000	4	4	0
299642030	10	5	5
299517044	1	1	0
299362062	4	4	0
299192811	1	1	0
298913099	8	5	3
298753037	1	1	0
298673737	8	6	2
298518011	8	6	2
298265730	4	4	0
297842407	13	7	6
297551454	1	1	0
297356798	7	5	2
297114023	6	5	1
296912879	12	8	4
296879089	4	4	0
296390514	4	4	0
296094512	4	4	0
296083207	6	5	1
295909719	1	1	0
295807780	15	7	8
295644099	1	1	0
295399258	3	3	0
295272586	13	3	10
295271190	14	9	5
295211964	9	6	3
295137021	1	1	0
295061433	1	1	0
295051445	4	4	0
294923056	3	3	0
294846469	4	3	1
294797138	4	4	0
294781660	4	4	0
294732774	4	4	0
294724771	4	4	0
294652275	4	4	0
294614260	4	4	0
294583328	4	4	0
294558671	11	6	5
294310824	4	4	0
294292490	12	8	4
293858832	4	4	0
293735278	3	2	1
293501791	19	10	9
293371176	4	4	0
292856324	3	3	0
292793262	7	5	2
292428514	4	4	0
292409373	3	3	0
292320655	3	3	0
292258633	6	5	1
292068435	1	1	0
291963274	11	7	4
291942296	2	2	0
291611533	4	4	0
291325827	4	4	0
291225843	1	1	0
291214528	5	4	1
291187570	1	1	0
291047221	5	4	1
290770684	3	3	0
290743028	6	5	1
290596752	3	3	0
290152862	4	4	0
290082175	4	4	0
289795150	1	1	0
289660437	3	3	0
289659549	1	1	0
289626232	4	4	0
289568876	5	4	1
289497545	4	4	0
289419515	9	5	4
289305859	3	3	0
289106018	3	3	0
288750995	8	5	3
288632666	4	4	0
288601187	13	7	6
288472015	9	5	4
288450810	4	4	0
288438803	7	5	2
288156556	1	1	0
288103136	8	6	2
287818978	24	14	10
287646089	4	4	0
287614881	4	4	0
287609555	4	4	0
286838728	4	4	0
286563661	11	5	6
286491003	1	1	0
286284321	10	6	4
286271170	3	3	0
286265568	1	1	0
286201567	3	3	0
286082802	9	4	5
286073663	7	4	3
285912308	19	6	13
285786736	6	4	2
285605080	1	1	0
285503479	4	4	0
285176236	7	5	2
285064548	4	4	0
285047360	4	4	0
285006036	4	4	0
284943737	21	11	10
284925646	22	10	12
284559313	4	4	0
284542981	4	4	0
284512540	1	1	0
284481557	4	4	0
284424188	6	5	1
284323743	3	2	1
283912215	3	3	0
283603723	4	4	0
283482045	6	5	1
283295032	8	5	3
282984944	4	4	0
282790895	3	3	0
282446454	5	4	1
282345887	4	4	0
281921544	6	5	1
281504682	6	5	1
281154585	4	4	0
280733121	4	4	0
280621076	4	4	0
280566379	5	4	1
280421256	4	4	0
280347749	8	5	3
280225877	1	1	0
280209315	3	3	0
279748173	4	4	0
279718230	1	1	0
279578927	4	4	0
279530612	6	3	3
279489741	4	4	0
279421132	10	6	4
279128890	6	5	1
279076378	3	3	0
278703967	4	4	0
278638989	3	3	0
278380674	13	7	6
278262819	1	1	0
278097180	14	8	6
278073719	4	4	0
278010132	4	4	0
277909753	8	6	2
277726667	10	7	3
277641581	1	1	0
277451209	7	3	4
277159377	4	4	0
276823958	4	4	0
276680793	7	5	2
276665812	1	1	0
276623235	4	4	0
276301600	6	5	1
276236952	7	5	2
276018686	10	6	4
275951736	6	5	1
275759771	3	3	0
275687917	20	11	9
275641219	19	10	9
275258846	4	4	0
275040228	4	4	0
275002818	3	3	0
274880425	8	5	3
274865236	9	6	3
274327176	4	4	0
274229027	1	1	0
274096542	8	6	2
274086224	4	2	2
274026854	4	4	0
274011727	4	4	0
273933387	8	6	2
273892796	16	8	8
273769085	4	4	0
273614266	4	4	0
273467404	1	1	0
273379040	4	4	0
273269586	1	1	0
273228644	8	5	3
273224148	4	4	0
273100447	1	1	0
273093557	5	4	1
273070082	1	1	0
272958060	6	5	1
272927358	6	5	1
272917942	3	3	0
272872676	4	4	0
272688640	4	4	0
272548921	3	3	0
272100204	4	4	0
271809698	9	6	3
271647247	4	4	0
271568114	9	5	4
271565970	4	4	0
271467886	4	4	0
271221235	3	3	0
271220266	4	4	0
271149282	4	4	0
270973135	3	3	0
270510128	3	3	0
270129543	4	4	0
270080891	4	4	0
270020126	1	1	0
269756141	4	4	0
269747585	1	1	0
269738774	3	3	0
269735915	6	4	2
269712347	4	2	2
269631044	6	5	1
269609076	47	21	26
269589474	4	4	0
269587521	5	3	2
269557875	4	4	0
269488932	4	4	0
269477052	6	5	1
269226579	3	3	0
269099846	4	4	0
269088652	10	7	3
268998831	4	4	0
268932846	6	5	1
268727793	7	5	2
268486198	4	4	0
268475926	4	4	0
268308422	7	5	2
268002550	3	3	0
267991952	4	4	0
267975395	3	3	0
267745731	8	5	3
267487261	15	6	9
267310427	11	5	6
267273497	3	3	0
267251229	3	3	0
267218749	6	5	1
267158898	3	3	0
267080712	3	3	0
266926770	3	3	0
266868195	4	4	0
266866807	9	5	4
266652680	4	4	0
266617237	4	4	0
266596767	4	4	0
266519105	3	3	0
265952694	4	4	0
265717000	7	5	2
265702643	1	1	0
265636801	4	4	0
265245767	4	4	0
264935103	4	4	0
264846275	10	6	4
264842208	4	4	0
264673719	7	4	3
264651811	7	5	2
264648628	6	3	3
264636955	7	5	2
264482675	10	7	3
264374333	1	1	0
264327676	9	5	4
263790158	8	6	2
263703258	2	2	0
263532685	1	1	0
263447507	1	1	0
263408044	8	6	2
263401659	3	3	0
263156193	4	4	0
262956487	1	1	0
262836421	4	4	0
263156193	4	4	0
262956487	1	1	0
262836421	4	4	0
262801449	4	4	0
262563925	4	4	0
262550309	3	3	0
262333201	15	8	7
262293173	6	4	2
262279073	1	1	0
262221990	3	3	0
262209599	8	6	2
262038648	4	4	0
262001140	4	4	0
261948160	1	1	0
261756965	3	3	0
261711615	4	4	0
261557434	5	4	1
261346769	8	6	2
261244042	4	4	0
261181725	3	3	0
261048922	5	4	1
260913491	1	1	0
260765915	7	5	2
260350800	4	4	0
260289340	9	6	3
260234000	10	6	4
260056634	3	3	0
259955720	3	3	0
259623032	4	4	0
259519158	1	1	0
259477937	1	1	0
259394814	3	3	0
259386707	1	1	0
259264994	4	4	0
259255799	5	3	2
259094305	5	4	1
258974084	6	5	1
258925218	6	5	1
258922741	36	13	23
258837851	1	1	0
258663461	6	4	2
258640294	9	7	2
258618281	4	4	0
258571170	2	2	0
258466864	9	6	3
258430846	4	4	0
258337164	18	8	10
258257602	3	3	0
258217397	15	9	6
258072333	6	4	2
257894435	8	6	2
257391263	6	4	2
257369840	1	1	0
257369629	1	1	0
257306664	3	3	0
257075082	4	4	0
257046734	3	3	0
257036880	4	4	0
256963039	4	4	0
256876051	1	1	0
256871971	4	4	0
256628535	3	3	0
256596022	8	5	3
256574370	4	4	0
256371224	1	1	0
256366859	10	7	3
256359031	6	5	1
256008675	8	4	4
255642488	4	4	0
255631328	6	5	1
255596048	3	3	0
255590709	4	4	0
255589286	4	4	0
255474388	3	3	0
255302474	1	1	0
255183719	4	4	0
255014591	6	5	1
254878137	6	5	1
254568987	4	4	0
254560775	4	2	2
254401919	4	4	0
254171588	1	1	0
254088537	16	8	8
254012193	3	3	0
253872333	4	4	0
253742330	4	2	2
253568273	8	6	2
253503503	3	3	0
253324460	1	1	0
253100565	6	4	2
253099803	4	4	0
252674851	1	1	0
252575187	3	2	1
252569527	1	1	0
252376032	6	5	1
252359766	3	3	0
252190887	4	4	0
251946438	4	4	0
251728451	4	4	0
251603179	1	1	0
251545134	8	6	2
251205064	3	3	0
251131230	3	3	0
250792006	12	7	5
250588574	9	7	2
250583938	11	5	6
250563222	4	4	0
250511444	1	1	0
250504792	4	4	0
250448068	9	6	3
250424673	11	5	6
250402776	3	3	0
250294265	3	3	0
250279227	4	4	0
250278510	3	3	0
250238144	4	4	0
250197288	4	4	0
250169639	4	4	0
250138960	23	10	13
250081573	4	4	0
249917576	4	4	0
249737358	4	4	0
249710637	1	1	0
249681909	21	9	12
249604027	4	4	0
249490983	3	3	0
249459369	4	4	0
249412101	4	4	0
249366587	8	6	2
249333678	15	9	6
249254760	9	5	4
249161176	4	4	0
249089595	3	3	0
248915214	10	7	3
248754362	4	4	0
248647896	4	4	0
248643109	4	4	0
248490675	8	6	2
248441571	18	9	9
248435611	6	5	1
248434643	6	5	1
247978789	4	4	0
247923741	13	8	5
247909756	4	4	0
247860497	1	1	0
247853156	9	6	3
247750596	10	7	3
247560766	1	1	0
247487365	6	5	1
247372411	4	4	0
247298547	4	4	0
247283655	6	5	1
247098164	6	5	1
246867922	4	4	0
246655836	4	4	0
246607639	3	3	0
246566778	4	4	0
246551129	3	3	0
246510504	4	4	0
245951742	6	5	1
245891210	4	2	2
245878218	4	4	0
245758116	4	4	0
245666483	4	4	0
245471192	3	3	0
245254162	18	9	9
245222249	10	7	3
245119428	4	4	0
245056798	3	3	0
244887184	3	3	0
244803268	4	4	0
244661125	18	10	8
244633911	1	1	0
244472492	12	7	5
244196474	6	4	2
243839057	5	4	1
243683055	13	8	5
243609972	4	4	0
243316065	3	3	0
243304850	3	3	0
243260366	9	6	3
242972949	4	4	0
242614770	3	3	0
242604180	19	11	8
242464572	4	4	0
242102155	10	5	5
242005965	3	3	0
241975006	12	6	6
241736752	7	5	2
241622061	4	4	0
241621646	4	4	0
241554222	2	2	0
241348585	10	8	2
241310331	5	4	1
241227296	20	9	11
241025692	4	4	0
240731347	1	1	0
240726822	11	7	4
240670384	4	4	0
240645798	4	4	0
240645798	4	4	0
240454401	9	5	4
240378881	3	3	0
240366103	8	5	3
240339383	4	4	0
240335733	4	4	0
240317071	4	4	0
240289870	8	6	2
240205724	4	4	0
240148062	4	4	0
240118149	7	5	2
240100811	3	3	0
240063989	19	11	8
240020120	4	4	0
239936130	6	5	1
239842495	3	3	0
239834274	3	3	0
239833450	4	4	0
239678622	1	1	0
239650013	20	10	10
239617844	4	4	0
239470082	4	4	0
239440575	5	4	1
239384881	4	4	0
239148434	5	3	2
239082034	7	5	2
238705758	1	1	0
238431877	4	4	0
238365248	4	4	0
238243979	1	1	0
238241465	5	4	1
238061465	4	4	0
237982114	9	5	4
237919056	15	8	7
237917457	3	3	0
237840036	4	4	0
237807898	4	2	2
237766500	8	6	2
237699885	4	4	0
237551337	8	6	2
237527625	7	5	2
237500890	1	1	0
237361987	1	1	0
237274470	6	5	1
237210411	4	4	0
237026628	4	4	0
236947933	1	1	0
236915409	8	6	2
236912965	17	11	6
236894693	1	1	0
236828374	8	5	3
236828089	13	8	5
236746453	4	4	0
236654539	3	3	0
236542784	4	4	0
236510747	4	4	0
235990072	11	7	4
235779288	8	6	2
235448466	1	1	0
235429470	4	4	0
235379055	4	4	0
235346546	3	3	0
235264116	1	1	0
235198248	4	4	0
235169225	4	4	0
234830450	18	10	8
234765263	9	6	3
234749259	11	7	4
234720216	2	2	0
234589598	9	5	4
234587956	9	6	3
234402070	4	4	0
234304844	4	4	0
234302629	7	5	2
234294027	3	3	0
234281907	10	6	4
234176382	4	4	0
234121353	8	5	3
234069711	12	8	4
234046768	1	1	0
234027073	8	6	2
233971600	4	4	0
233970092	4	4	0
233869677	10	6	4
233731030	4	4	0
233572197	9	6	3
233556126	13	8	5
233517953	4	4	0
233445402	4	4	0
233431602	9	3	6
233395000	4	4	0
233384593	4	4	0
233286712	4	4	0
233250253	8	5	3
233190121	4	4	0
233139578	3	3	0
233137547	1	1	0
233119954	4	4	0
233096595	4	4	0
233036631	3	3	0
233031105	11	7	4
232931146	12	7	5
232872103	10	7	3
232800891	3	3	0
232798626	4	4	0
232713916	4	4	0
232707233	11	6	5
232167841	6	5	1
231910385	4	4	0
231714733	3	3	0
231698545	8	4	4
231646526	4	4	0
231587539	5	4	1
231569782	9	6	3
231499377	11	7	4
231466841	6	5	1
231355555	5	4	1
231331136	4	4	0
231318841	4	4	0
231231323	4	4	0
231200740	1	1	0
231071793	3	3	0
230683760	4	4	0
230591223	11	5	6
230573178	4	4	0
230552387	4	4	0
230421776	9	6	3
230331634	8	7	1
230321705	3	3	0
229916570	4	4	0
229792710	4	4	0
229789786	6	5	1
229763316	6	5	1
229724298	4	4	0
229691365	4	4	0
229596232	2	2	0
229583711	14	9	5
229534961	6	5	1
229286461	8	6	2
229102810	4	4	0
229094541	4	4	0
229053529	18	9	9
228999645	6	5	1
228959900	4	4	0
228864854	2	2	0
228863342	4	4	0
228644055	4	4	0
228614743	9	4	5
228471825	4	4	0
228283186	4	4	0
228241762	4	4	0
228127761	4	4	0
228125524	4	4	0
228088119	7	5	2
228040123	7	5	2
228037601	4	4	0
228030874	3	3	0
227937336	19	8	11
227922849	6	4	2
227792679	4	4	0
227737255	7	5	2
227679294	4	4	0
227655324	4	4	0
227654955	4	4	0
227643878	4	4	0
227470396	4	4	0
227314568	6	5	1
227310160	3	3	0
227290720	25	16	9
227085590	4	4	0
227079283	3	3	0
227054038	3	3	0
227024973	3	2	1
227017483	9	6	3
226807032	8	6	2
226739029	4	4	0
226721154	1	1	0
226538598	3	3	0
226339290	4	4	0
226246835	3	3	0
226232211	7	5	2
226048216	6	5	1
226006090	3	3	0
225993958	4	4	0
225993565	8	6	2
225941987	4	4	0
225919260	4	4	0
225726720	4	4	0
225580234	4	4	0
225575866	9	6	3
225539846	6	5	1
225492905	6	5	1
225484261	9	6	3
225445164	4	4	0
225398725	8	6	2
225376741	4	4	0
225348954	5	4	1
225277624	4	4	0
225269979	8	6	2
225064949	3	3	0
225061540	4	4	0
225042595	3	3	0
224989247	7	5	2
224973274	4	4	0
224829531	4	4	0
224806485	4	4	0
224786725	4	4	0
224754326	4	4	0
224749326	7	5	2
224735634	8	6	2
224600939	4	4	0
224531902	24	11	13
224528573	4	4	0
224370089	13	7	6
224354162	5	4	1
224335657	12	5	7
224286385	4	4	0
224273389	4	4	0
224253870	13	6	7
224234046	4	4	0
224230212	10	7	3
224186040	4	4	0
224177688	5	4	1
224135978	8	6	2
224022075	11	7	4
224007659	6	3	3
224007065	26	11	15
223962623	1	1	0
223904089	4	4	0
223866451	4	4	0
223854303	14	9	5
223847772	1	1	0
223800206	6	5	1
223722685	4	4	0
223709512	5	3	2
223700932	4	4	0
223679771	5	4	1
223640880	3	3	0
223626365	16	8	8
223468926	1	1	0
223425454	4	4	0
223380647	4	4	0
223272468	4	4	0
223250761	1	1	0
223189150	6	5	1
223188915	6	5	1
223029147	8	6	2
222884290	10	6	4
222720740	4	4	0
222664250	4	4	0
222624431	3	3	0
222503913	1	1	0
222351867	4	4	0
222220361	10	7	3
222165722	11	7	4
222148192	4	4	0
222102365	6	5	1
221996044	3	3	0
221961184	4	4	0
221930886	4	4	0
221802851	4	4	0
221749658	4	4	0
221681068	6	5	1
221605138	11	6	5
221598724	7	6	1
221546223	1	1	0
221480447	10	6	4
221351196	4	4	0
221209987	6	4	2
221148427	4	4	0
221124176	3	3	0
220827176	3	3	0
220815772	6	5	1
220674456	3	3	0
220665788	3	3	0
220590876	4	4	0
220450310	3	3	0
220433322	4	4	0
220429088	3	3	0
220382332	1	1	0
220293912	3	3	0
220284523	4	4	0
220203323	3	3	0
220200080	4	4	0
220094730	3	3	0
220092329	11	8	3
220021293	3	3	0
219829530	1	1	0
219743942	3	3	0
219712475	4	4	0
219679752	24	11	13
219601345	3	2	1
219480213	3	3	0
219178408	5	3	2
219165007	4	4	0
219074752	4	4	0
218974511	6	5	1
218951125	4	4	0
218731600	4	4	0
218642967	1	1	0
218493829	4	4	0
218428385	6	5	1
218314174	4	4	0
218230828	9	6	3
218077332	4	4	0
217875363	9	6	3
217717451	3	3	0
217619983	13	7	6
217338913	4	4	0
217258936	8	6	2
217092006	10	5	5
217087853	3	3	0
217007321	4	4	0
216848013	14	8	6
216826984	4	4	0
216804034	4	3	1
216785923	12	6	6
216642322	4	4	0
216556941	4	4	0
216540369	4	2	2
216503409	7	5	2
216420387	4	4	0
216416963	25	11	14
216365126	3	3	0
216222028	3	3	0
216221581	4	4	0
216052993	4	4	0
216022832	7	5	2
215947587	3	3	0
215938850	1	1	0
215759636	23	11	12
215716452	4	4	0
215707856	3	3	0
215514624	6	4	2
215368434	1	1	0
215298185	4	4	0
215297973	1	1	0
215283037	3	3	0
215271219	4	4	0
215183060	18	10	8
215112957	4	4	0
215038036	4	4	0
214681989	3	3	0
214660320	4	4	0
214585580	3	3	0
214517589	4	4	0
214472017	11	7	4
214379834	4	4	0
213947145	14	9	5
213892496	11	7	4
213802280	9	6	3
213783168	19	12	7
213674428	11	7	4
213593334	4	4	0
213581328	1	1	0
213566432	3	3	0
213475159	1	1	0
213458843	1	1	0
213397291	5	4	1
213384037	4	4	0
212775788	1	1	0
212759699	4	4	0
212598585	1	1	0
212564886	4	4	0
212520678	4	4	0
212352811	4	4	0
212341419	6	5	1
212309960	12	7	5
212288090	4	4	0
212258673	3	3	0
212146397	5	2	3
212077419	4	4	0
212047081	3	3	0
211970901	10	6	4
211840254	4	4	0
211839083	4	4	0
211784083	28	14	14
211776693	4	4	0
211675395	4	4	0
211673337	3	3	0
211587615	4	4	0
211448517	12	7	5
211427331	2	2	0
211409415	4	4	0
211288084	1	1	0
211134043	4	4	0
211069716	4	4	0
210991399	3	3	0
210960463	1	1	0
210895568	18	9	9
210845396	14	9	5
210798929	4	4	0
210393395	4	4	0
210358675	4	4	0
210153143	6	5	1
210111978	4	4	0
210019798	6	5	1
209770764	10	6	4
209767777	7	5	2
209726724	4	4	0
209767777	7	5	2
209726724	4	4	0
209655208	8	6	2
209582438	8	6	2
209346978	4	4	0
209345497	6	5	1
209154721	4	4	0
209133082	4	4	0
209092223	8	6	2
208903873	9	6	3
208778658	9	6	3
208584209	8	6	2
208537032	1	1	0
208468453	4	4	0
208377589	3	3	0
208231323	6	4	2
208152886	8	6	2
208040475	13	7	6
207924022	27	13	14
207893379	4	4	0
207864538	4	4	0
207778798	1	1	0
207714009	4	4	0
207658719	3	3	0
207535352	6	5	1
207526298	11	7	4
207347980	3	2	1
207342015	4	4	0
207322315	4	4	0
207048547	1	1	0
206991592	10	6	4
206981410	4	4	0
206932495	9	6	3
206767516	4	4	0
206690251	4	4	0
206626294	1	1	0
206583170	3	2	1
206520260	4	4	0
206488744	11	7	4
206473924	5	3	2
206382442	6	3	3
206321270	4	4	0
206294676	4	4	0
206093114	3	3	0
206082485	3	3	0
206071348	1	1	0
205932109	8	6	2
205931988	4	4	0
205781282	1	1	0
205705885	1	1	0
205587848	9	5	4
205576756	7	5	2
205458088	9	6	3
205421853	12	7	5
205348747	4	4	0
205308860	7	6	1
205222681	4	4	0
205209578	4	4	0
204931366	7	5	2
204869868	9	6	3
204857139	21	9	12
204815334	3	3	0
204815084	4	4	0
204759076	5	4	1
204694338	4	4	0
204606500	7	5	2
204446752	4	4	0
204438811	8	5	3
204431476	8	6	2
204408589	4	4	0
204380793	10	7	3
204372821	4	4	0
204350963	4	4	0
204255247	4	4	0
204213710	4	4	0
204042847	3	3	0
204012956	4	4	0
203974757	4	4	0
203959174	8	6	2
203815807	11	7	4
203762077	11	7	4
203750610	3	3	0
203677804	3	3	0
203610913	4	4	0
203541897	1	1	0
203538014	4	4	0
203511656	4	4	0
203421712	16	8	8
203373320	12	7	5
203277021	4	4	0
203198666	12	7	5
203176779	3	3	0
203170094	1	1	0
203040640	12	8	4
202975123	4	4	0
202943046	1	1	0
202654541	3	3	0
202606688	7	4	3
202579180	5	4	1
202466467	4	4	0
202318960	26	14	12
202283160	12	7	5
202272285	3	3	0
202191289	4	4	0
202108114	8	4	4
202057630	4	4	0
202024591	11	7	4
201834746	3	3	0
201804048	21	6	15
201802729	3	3	0
201676495	5	4	1
201614291	3	3	0
201569163	13	7	6
201537326	4	4	0
201492378	30	18	12
201479749	6	5	1
201362547	4	4	0
201275204	5	4	1
201215388	11	7	4
201154596	4	4	0
200857606	4	4	0
200551632	4	4	0
200434157	4	4	0
200413179	4	4	0
200380532	6	5	1
200372680	4	4	0
200226441	4	4	0
200200852	23	11	12
200128737	8	6	2
200111976	4	4	0
200109703	4	4	0
200002575	12	8	4
199973974	3	3	0
199894656	6	5	1
199838460	1	1	0
199587543	4	4	0
199566040	4	4	0
199537918	5	4	1
199487932	13	9	4
199471751	4	4	0
199441507	3	3	0
199229546	6	5	1
199152334	4	4	0
199095357	4	4	0
198975930	4	4	0
198705608	4	4	0
198690128	4	4	0
198662585	9	6	3
198648817	8	5	3
198562713	4	4	0
198562064	15	7	8
198453323	19	10	9
198446764	14	7	7
198422813	4	4	0
198406257	10	7	3
198344647	4	4	0
198330287	8	5	3
198249920	7	5	2
198237523	4	3	1
198234627	4	4	0
198229340	9	6	3
198205833	7	4	3
198198810	5	4	1
198109065	4	4	0
198102272	3	3	0
197750163	4	4	0
197599949	3	3	0
197405161	4	4	0
197402633	4	4	0
197351343	4	4	0
197266480	11	7	4
197183723	6	4	2
197176569	6	5	1
197132224	7	5	2
196766997	4	4	0
196645745	1	1	0
196643953	4	4	0
196609870	3	3	0
196580300	3	3	0
196513674	4	4	0
196507323	11	6	5
196505940	1	1	0
196461695	6	5	1
196296983	1	1	0
196262909	9	6	3
196251550	9	6	3
196188357	4	4	0
195939844	1	1	0
195922570	4	4	0
195905439	4	4	0
195893811	10	6	4
195821696	4	4	0
195511166	4	4	0
195447222	4	4	0
195403632	4	4	0
195244557	1	1	0
195197224	14	8	6
195152361	4	4	0
194962909	3	3	0
194933041	3	3	0
194933041	3	3	0
194908584	7	5	2
194882222	1	1	0
194864007	3	3	0
194784545	4	4	0
194768034	27	10	17
194654442	1	1	0
194594805	4	4	0
194584754	1	1	0
194532686	12	8	4
194471273	4	3	1
194443608	1	1	0
194316192	25	12	13
194300310	4	4	0
194249233	3	3	0
194210177	4	4	0
194144557	10	5	5
194136654	4	4	0
194119412	4	4	0
194111217	4	4	0
194108313	1	1	0
193925839	3	3	0
193899547	3	3	0
193879332	4	4	0
193770943	4	4	0
193653911	4	4	0
193334450	11	6	5
193272344	4	4	0
193188385	4	4	0
193176139	15	9	6
193107108	3	3	0
193079119	4	4	0
193070131	8	4	4
192592811	4	4	0
192570995	5	4	1
192391241	14	8	6
192375071	4	4	0
192268393	9	6	3
192245460	4	4	0
192237610	4	4	0
191932998	1	1	0
191899843	4	4	0
191850048	2	2	0
191794750	6	4	2
191773299	6	5	1
191763361	3	3	0
191580446	4	4	0
191573459	12	8	4
191331870	8	4	4
191192353	23	10	13
191127911	4	4	0
191102381	8	6	2
191022891	1	1	0
190976142	4	4	0
190903891	5	4	1
190775293	4	4	0
190665649	7	5	2
190653488	7	3	4
190649608	12	5	7
190499254	3	3	0
190433126	8	6	2
190234223	19	10	9
190206932	15	7	8
190075673	11	6	5
189819763	4	4	0
189800919	4	4	0
189353886	1	1	0
189173901	4	4	0
189130110	4	4	0
188962080	4	4	0
188947245	4	4	0
188826116	4	4	0
188718163	4	4	0
188715089	1	1	0
188692221	3	2	1
188649208	4	4	0
188525971	1	1	0
188458735	1	1	0
188453851	1	1	0
188450917	8	6	2
188332111	17	9	8
188239680	5	4	1
188235649	4	4	0
188161288	8	6	2
188134700	10	6	4
188083318	1	1	0
187986890	10	6	4
187979058	4	4	0
187672091	6	5	1
187636874	4	4	0
187421374	1	1	0
187372851	7	5	2
187267231	3	3	0
187214353	10	7	3
187157508	3	3	0
187111003	4	4	0
187058955	4	4	0
187052571	8	6	2
187019849	4	4	0
186946342	4	4	0
186900383	4	4	0
186888231	10	7	3
186806330	3	3	0
186755550	6	5	1
186722361	4	4	0
186327107	3	3	0
186275362	9	4	5
186143051	1	1	0
186081308	4	4	0
186005786	21	9	12
185804216	4	4	0
185625785	4	4	0
185608147	6	5	1
185596054	3	2	1
185517453	4	4	0
185401314	4	4	0
185384338	10	7	3
185377440	4	4	0
185303354	19	11	8
185106235	4	4	0
185007205	4	4	0
184862661	4	4	0
184813419	4	4	0
184794340	1	1	0
184791023	4	4	0
184702475	4	4	0
184702174	3	3	0
184697567	3	3	0
184690387	4	4	0
184604748	15	6	9
184556000	1	1	0
184475600	8	6	2
184466716	8	3	5
184363882	4	4	0
184193533	9	6	3
184190412	1	1	0
184178906	4	4	0
184166688	4	4	0
184071164	4	4	0
183989368	3	3	0
183983486	21	10	11
183877969	4	4	0
183756431	4	4	0
183675282	4	4	0
183579353	4	4	0
183540815	5	4	1
183438709	4	4	0
183417517	4	4	0
183320860	4	4	0
183309105	4	4	0
183266317	9	6	3
183254493	15	9	6
183010492	6	5	1
183009130	10	7	3
182982398	6	4	2
182917945	4	4	0
182915589	4	4	0
182863747	4	4	0
182802054	4	4	0
182794181	4	4	0
182766059	4	4	0
182747866	3	3	0
182615765	1	1	0
182514658	6	5	1
182473270	4	3	1
182406523	1	1	0
182372261	4	4	0
182360599	4	4	0
182306658	9	5	4
182290777	4	4	0
182257078	4	4	0
182125072	1	1	0
182119323	1	1	0
182088041	17	11	6
182048263	1	1	0
182041090	4	4	0
182033439	9	6	3
182032550	14	7	7
182028997	7	5	2
182002720	5	4	1
181932375	4	4	0
181913953	4	3	1
181815313	11	7	4
181804131	16	9	7
181766125	4	4	0
181696318	6	5	1
181678837	4	4	0
181641629	6	5	1
181584236	4	4	0
181536351	4	4	0
181532393	4	4	0
181525202	1	1	0
181519938	3	3	0
181505165	4	4	0
181488104	4	4	0
181456301	3	3	0
181352240	1	1	0
181329852	3	3	0
181246250	11	5	6
181204735	7	5	2
181191805	3	3	0
181118811	1	1	0
181117196	5	4	1
181110701	4	4	0
181104728	3	3	0
181083416	4	4	0
181021865	4	4	0
180964739	4	4	0
180899944	7	5	2
180811915	9	6	3
180689050	4	4	0
180598624	4	4	0
180484724	8	5	3
180441691	4	4	0
180398658	4	4	0
180360775	1	1	0
180332712	4	2	2
180186349	3	3	0
180174464	6	5	1
180000718	33	13	20
179954913	4	4	0
179928629	1	1	0
179905375	1	1	0
179816400	4	4	0
179814765	4	4	0
179707919	4	4	0
179629986	4	4	0
179620235	3	3	0
179457549	3	3	0
179417589	4	4	0
179372721	4	4	0
179356442	5	4	1
179354568	4	4	0
179354264	4	4	0
179301576	4	4	0
179294603	3	3	0
179113762	4	4	0
179026125	4	4	0
178845795	5	3	2
178801808	3	2	1
178762269	1	1	0
178685361	4	4	0
178649073	4	4	0
178607246	4	4	0
178505232	6	5	1
178478649	4	4	0
178457786	4	4	0
178343130	4	4	0
178300186	7	4	3
178299222	6	5	1
178206646	9	6	3
178112851	19	10	9
178012692	4	4	0
177974964	3	3	0
177960874	8	4	4
177939842	8	5	3
177786581	6	5	1
177742209	1	1	0
177631519	1	1	0
177539526	14	8	6
177499012	4	4	0
177493405	6	4	2
177431773	3	3	0
177400233	4	4	0
177323955	3	3	0
177312664	10	4	6
177210097	10	7	3
177176484	4	4	0
177053489	4	4	0
177033203	4	4	0
176774829	2	2	0
176716083	6	5	1
176714696	4	4	0
176630811	2	2	0
176531709	4	4	0
176472634	4	4	0
176469482	8	6	2
176431868	4	4	0
176419463	4	4	0
176378550	7	5	2
176373428	4	4	0
176363891	4	4	0
176358332	8	6	2
176355692	9	5	4
176337946	2	2	0
176288973	5	4	1
176261827	4	4	0
176260623	9	6	3
176252813	11	8	3
176244115	4	4	0
176115908	4	4	0
176054243	3	3	0
176006130	1	1	0
175930227	3	3	0
175906122	8	4	4
175897417	4	4	0
175881722	13	8	5
175718971	3	3	0
175642253	1	1	0
175640524	1	1	0
175620684	1	1	0
175602247	6	5	1
175598449	1	1	0
175564082	1	1	0
175535385	14	7	7
175533906	4	4	0
175346634	8	4	4
175310932	4	4	0
175280960	3	3	0
175248201	3	3	0
175169553	11	8	3
175145716	3	3	0
175017016	4	4	0
174993665	4	4	0
174981799	4	4	0
174728238	1	1	0
174722615	1	1	0
174684122	4	4	0
174583788	5	4	1
174498789	10	7	3
174485423	6	4	2
174476587	3	3	0
174470517	5	4	1
174410736	4	4	0
174344306	3	3	0
174301357	5	3	2
174216737	4	4	0
174195486	1	1	0
174103594	3	3	0
174044588	4	4	0
174044398	6	5	1
173976809	4	4	0
173973171	4	4	0
173806541	4	4	0
173740158	3	3	0
173695385	1	1	0
173646940	11	7	4
173632931	4	4	0
173595446	1	1	0
173587596	12	7	5
173584270	1	1	0
173465036	4	4	0
173447194	3	3	0
173437833	2	1	1
173315406	10	5	5
173283500	5	4	1
173280761	11	7	4
173264858	4	4	0
173189180	4	2	2
173160994	4	4	0
173026220	8	6	2
173017583	1	1	0
172967182	4	4	0
172957119	2	2	0
172885706	4	4	0
172829771	4	4	0
172728007	4	4	0
172724515	3	3	0
172706412	23	9	14
172698345	13	7	6
172690872	8	6	2
172580275	4	4	0
172537200	10	6	4
172524089	1	1	0
172512249	5	3	2
172483984	4	4	0
172394132	4	4	0
172368474	10	7	3
172354442	3	3	0
172309397	4	4	0
172275025	4	4	0
172149113	3	3	0
172130725	4	4	0
172067954	4	4	0
171978563	18	9	9
171963575	8	5	3
171832699	8	6	2
171820635	7	5	2
171738747	4	4	0
171712468	3	3	0
171593897	21	10	11
171590094	6	5	1
171552075	3	3	0
171506855	8	5	3
171469535	3	3	0
171468206	9	6	3
171430715	3	3	0
171412500	1	1	0
171372531	4	4	0
171222612	7	5	2
171048464	4	4	0
171010930	4	4	0
170992162	6	5	1
170975162	6	5	1
170872395	3	3	0
170866230	3	3	0
170831912	6	5	1
170801615	4	4	0
170715565	4	4	0
170624273	3	3	0
170607649	4	4	0
170558054	1	1	0
170539859	10	5	5
170469666	4	4	0
170453549	3	3	0
170373791	10	7	3
170366968	4	4	0
170171244	4	4	0
170162992	4	4	0
170103551	4	4	0
170042489	6	5	1
170011697	11	7	4
169988857	1	1	0
169941911	6	5	1
169720913	4	4	0
169709378	4	4	0
169533675	4	4	0
169444691	8	5	3
169311433	3	3	0
169250256	3	2	1
169241151	4	4	0
169230287	4	4	0
169199939	3	3	0
169143287	7	6	1
169132634	4	4	0
169118056	4	4	0
169004726	4	4	0
168976714	6	5	1
168956344	3	3	0
168955145	4	4	0
168889162	5	3	2
168879500	4	4	0
168786623	7	5	2
168752981	1	1	0
168719710	6	4	2
168636879	4	4	0
168631207	4	4	0
168611748	4	4	0
168573375	5	3	2
168541495	5	4	1
168533672	6	5	1
168527448	6	5	1
168403548	6	4	2
168390302	4	4	0
168370222	6	5	1
168328603	3	3	0
168316981	12	5	7
168298256	5	4	1
168075524	7	5	2
168042604	4	4	0
168028520	6	5	1
168009301	4	4	0
167966970	1	1	0
167905815	18	10	8
167897631	4	4	0
167857368	1	1	0
167790623	3	3	0
167708952	9	6	3
167652286	3	3	0
167651612	3	2	1
167481412	4	4	0
167410848	1	1	0
167383780	3	3	0
167221837	3	3	0
167069216	3	3	0
166920595	4	4	0
166827474	6	3	3
166794749	21	11	10
166677404	4	4	0
166655614	4	4	0
166583158	4	4	0
166513850	4	4	0
166387606	4	4	0
166345903	4	4	0
166267002	4	4	0
166249337	7	5	2
166242029	3	3	0
166160743	7	5	2
166131487	4	4	0
166072246	6	5	1
166027066	4	4	0
166018963	3	3	0
165953490	4	4	0
165798318	6	5	1
165694275	4	4	0
165630215	4	4	0
165622140	9	4	5
165609684	6	5	1
165507418	4	4	0
165502894	12	8	4
165384544	4	4	0
165331530	14	7	7
165312781	9	6	3
165237068	4	4	0
165220098	3	3	0
165147556	4	4	0
165138755	3	3	0
165036734	4	4	0
165023835	3	3	0
165001954	17	10	7
164936800	4	4	0
164736193	4	4	0
164675942	1	1	0
164643240	11	9	2
164573819	4	4	0
164525259	3	3	0
164494716	3	3	0
164494454	39	15	24
164330824	4	4	0
164310257	4	4	0
164284669	4	4	0
164200468	4	4	0
164192726	6	5	1
164136233	4	4	0
164070736	2	2	0
164002830	3	3	0
163993908	4	4	0
163988855	4	4	0
163833698	6	5	1
163833219	4	4	0
163780493	6	5	1
163767918	4	4	0
163743474	4	4	0
163733300	1	1	0
163636248	4	4	0
163463202	10	6	4
163456184	52	25	27
163431248	1	1	0
163429275	13	7	6
163392156	4	4	0
163335929	1	1	0
163309554	4	4	0
163196412	12	8	4
163153705	4	4	0
163124374	8	6	2
163039961	15	9	6
163037271	9	5	4
163028915	10	7	3
163009220	3	3	0
162986170	4	4	0
162921204	1	1	0
162873059	4	4	0
162841107	6	5	1
162762352	4	4	0
162752124	3	3	0
162725923	2	2	0
162570064	4	4	0
162561014	8	6	2
162544595	4	4	0
162506000	4	4	0
162392378	9	6	3
162392075	8	3	5
162384494	4	4	0
162346689	4	4	0
162328889	11	6	5
162320163	6	5	1
162309255	4	4	0
162070832	4	4	0
161979913	6	5	1
161931375	3	3	0
161745150	17	9	8
161731944	4	4	0
161718808	3	3	0
161624403	4	4	0
161616635	14	7	7
161443229	4	4	0
161360058	4	4	0
161329216	4	4	0
161323041	1	1	0
161207928	4	4	0
161191318	1	1	0
161112257	17	7	10
161080339	4	4	0
161063133	1	1	0
161036160	4	4	0
161032821	4	4	0
160892001	3	3	0
160860790	4	4	0
160793218	3	3	0
160744436	7	5	2
160702816	3	3	0
160443316	4	4	0
160387501	4	4	0
160324530	12	7	5
160314119	2	2	0
160212733	4	4	0
160111160	9	6	3
160108355	5	4	1
159971879	4	4	0
159969005	1	1	0
159961370	5	4	1
159881151	4	4	0
159835787	1	1	0
159805068	4	4	0
159789576	4	4	0
159670724	6	5	1
159664428	4	4	0
159643761	4	4	0
159512124	3	3	0
159511817	4	4	0
159511817	4	4	0
159475803	1	1	0
159442030	1	1	0
159440857	4	4	0
159358226	11	6	5
159313296	15	9	6
159312454	1	1	0
159165367	6	5	1
159058677	4	4	0
159051118	4	4	0
158941664	4	3	1
158904569	4	4	0
158893298	4	4	0
158855750	4	4	0
158793630	3	2	1
158780500	4	4	0
158745733	4	4	0
158437950	4	4	0
158396712	4	4	0
158386861	4	4	0
158335442	4	2	2
158292105	4	4	0
158267405	4	4	0
158212106	1	1	0
158198942	4	4	0
158183847	4	4	0
158095174	8	4	4
157925722	4	4	0
157921069	6	5	1
157858667	4	4	0
157757275	14	7	7
157741980	3	3	0
157695896	3	3	0
157680998	11	5	6
157661492	3	3	0
157575810	4	4	0
157490821	8	6	2
157480699	1	1	0
157424783	3	3	0
157324098	4	4	0
157302512	3	3	0
157299826	9	6	3
157247884	12	6	6
157208107	3	3	0
157170894	1	1	0
157165802	8	6	2
157094123	9	6	3
157071734	4	4	0
157062840	6	5	1
157035384	4	4	0
156930466	1	1	0
156885720	4	4	0
156809804	4	4	0
156807842	25	13	12
156781955	4	4	0
156729930	6	5	1
156725888	4	4	0
156716554	1	1	0
156631390	6	5	1
156627780	4	4	0
156595459	8	6	2
156583658	8	6	2
156559185	12	7	5
156553361	8	6	2
156505901	4	4	0
156465828	3	3	0
156338978	4	4	0
156333378	4	4	0
156304740	4	4	0
156294202	4	4	0
156293511	4	4	0
156204740	8	6	2
156184984	5	4	1
156072757	4	4	0
155995327	4	4	0
155920095	9	6	3
155886172	4	4	0
155885354	4	4	0
155832823	4	4	0
155774659	4	4	0
155773384	8	5	3
155767464	4	4	0
155664084	1	1	0
155652355	4	4	0
155556540	17	9	8
155489848	4	4	0
155457178	20	11	9
155294311	4	4	0
155273319	1	1	0
155267589	4	4	0
155258347	9	6	3
155188817	4	3	1
155176237	4	4	0
155136891	4	4	0
155131147	2	2	0
155028781	4	4	0
154943612	4	4	0
154934051	6	5	1
154933542	4	4	0
154875415	6	5	1
154699801	16	9	7
154657021	5	4	1
154599016	4	4	0
154595519	1	1	0
154545511	8	4	4
154531232	3	3	0
154520881	7	4	3
154358287	4	4	0
154286664	4	4	0
154271092	4	4	0
154246544	5	4	1
154235029	4	4	0
154226027	4	4	0
154217821	11	7	4
154182793	1	1	0
154159746	6	5	1
154134550	18	9	9
154099456	4	4	0
154077393	10	5	5
153875811	1	1	0
153811114	8	4	4
153808327	13	7	6
153789856	12	7	5
153672357	4	4	0
153657732	4	4	0
153638967	3	3	0
153614968	5	4	1
153565836	3	3	0
153500181	4	4	0
153496426	12	8	4
153493894	1	1	0
153390868	8	5	3
153335785	4	4	0
153328838	4	4	0
153302537	8	5	3
153219005	4	4	0
153209521	6	5	1
153183699	4	3	1
153085592	4	4	0
153072737	3	3	0
153047891	4	4	0
153008504	7	5	2
152974465	4	4	0
152904282	8	5	3
152897506	4	4	0
152817998	8	6	2
152803874	4	4	0
152781075	4	4	0
152776167	1	1	0
152732147	4	4	0
152725561	10	6	4
152715665	4	4	0
152701874	12	8	4
152622278	4	4	0
152603338	4	4	0
152521825	1	1	0
152518189	4	4	0
152463186	4	4	0
152445912	10	7	3
152439149	12	6	6
152435959	4	4	0
152391425	8	5	3
152386089	1	1	0
152377203	22	10	12
152293740	1	1	0
152195273	3	3	0
152138842	4	4	0
152050171	4	4	0
152027544	4	4	0
152023769	4	4	0
152004305	1	1	0
151978478	9	6	3
151916404	6	4	2
151858595	9	6	3
151849994	1	1	0
151796374	3	3	0
151695412	2	2	0
151644405	7	5	2
151473200	15	10	5
151420895	1	1	0
151193771	4	4	0
151187501	3	3	0
151132899	4	4	0
151125409	6	5	1
151114444	1	1	0
151000912	4	4	0
150913498	4	4	0
150863953	4	4	0
150860002	4	4	0
150842818	3	3	0
150837137	9	6	3
150732915	9	6	3
150655127	11	6	5
150623207	3	3	0
150558943	3	3	0
150544012	4	4	0
150534193	3	3	0
150480199	1	1	0
150398005	3	3	0
150391945	4	4	0
149844705	3	3	0
149643300	3	3	0
149559708	9	7	2
149197159	4	4	0
149109309	17	5	12
149103263	4	4	0
149023704	4	4	0
148934971	4	4	0
148907256	4	4	0
148866899	7	5	2
148596909	16	8	8
148560663	5	4	1
148528460	8	6	2
148384888	4	4	0
148275759	4	4	0
148275334	16	9	7
148250832	5	4	1
148003740	4	4	0
147929044	4	4	0
147918925	1	1	0
147827536	4	4	0
147685315	4	4	0
147644037	3	3	0
147548665	3	3	0
147507738	3	3	0
147494341	3	3	0
147472442	4	4	0
147365557	15	8	7
147287076	4	4	0
147276363	4	4	0
147247257	1	1	0
147112318	12	7	5
147107677	4	4	0
146977596	3	3	0
146898270	9	6	3
146781003	3	3	0
146708922	9	6	3
146684679	7	5	2
146416118	3	3	0
146326788	4	4	0
146187461	4	4	0
146159272	4	4	0
146153214	1	1	0
146087706	1	1	0
146084779	4	4	0
146034440	4	4	0
145994777	28	14	14
145836537	4	4	0
145751974	4	4	0
145724524	4	4	0
145674580	4	4	0
145585661	10	7	3
145563445	6	4	2
145481563	4	4	0
145389306	4	4	0
145359406	5	4	1
145344160	4	4	0
145344074	1	1	0
145341907	9	5	4
145132887	4	4	0
145128063	4	4	0
145023899	4	4	0
145008335	1	1	0
144849623	4	4	0
144814227	4	4	0
144764742	4	4	0
144629554	3	3	0
144619468	4	4	0
144562795	1	1	0
144436289	6	2	4
144355715	4	4	0
144328965	1	1	0
144224807	3	3	0
144125964	1	1	0
144053215	3	3	0
144045668	4	3	1
143971415	4	4	0
143810645	4	4	0
143747024	3	3	0
143742706	3	3	0
143733310	4	4	0
143601678	3	3	0
143483918	6	5	1
143468556	4	4	0
143351952	8	6	2
143317722	4	4	0
143308235	4	4	0
143246222	4	4	0
143227236	4	4	0
143191519	4	4	0
143188892	3	3	0
143105501	3	3	0
143097228	13	7	6
143003723	4	4	0
142934668	1	1	0
142902146	4	4	0
142871362	1	1	0
142826644	4	4	0
142781950	4	4	0
142730513	4	4	0
142640598	4	4	0
142637524	7	5	2
142626024	4	4	0
142622575	10	7	3
142440009	6	4	2
142432700	15	9	6
142334069	3	3	0
142309434	1	1	0
142202810	4	4	0
142168775	3	3	0
142092377	3	3	0
142076332	3	3	0
141982168	8	5	3
141952230	4	4	0
141903278	6	4	2
141888720	4	4	0
141817768	3	3	0
141712867	4	4	0
141690639	4	4	0
141546416	4	4	0
141538514	4	4	0
141424226	15	8	7
141348786	4	4	0
141170123	11	7	4
141114720	3	3	0
140913672	4	4	0
140794783	6	4	2
140642508	4	4	0
140629803	7	5	2
140581594	7	5	2
140547127	3	3	0
140535812	4	4	0
140498087	5	3	2
140452492	4	4	0
140448462	13	6	7
140439112	6	5	1
140419245	6	5	1
140361576	1	1	0
140345204	6	5	1
140255829	6	5	1
140248558	4	4	0
140221062	1	1	0
140172686	4	4	0
140126122	4	4	0
140097611	3	3	0
140051172	4	4	0
140038551	8	6	2
140015379	4	4	0
139877769	2	2	0
139742657	6	5	1
139731050	4	4	0
139697624	16	9	7
139692090	1	1	0
139683750	4	2	2
139676610	4	4	0
139602793	14	8	6
139530991	3	3	0
139508193	3	3	0
139417774	3	3	0
139362532	4	4	0
139340378	2	2	0
139338420	4	4	0
139271603	8	6	2
139208601	7	4	3
139183168	8	6	2
139133946	8	6	2
139103316	13	8	5
139081379	4	4	0
139048474	9	6	3
139018839	4	4	0
139006231	4	4	0
139005140	4	4	0
138927457	4	4	0
138892044	3	3	0
138808864	12	7	5
138768957	4	4	0
138735830	4	4	0
138728798	4	4	0
138703859	4	4	0
138647158	9	6	3
138615673	3	3	0
138585345	4	4	0
138518696	6	5	1
138427195	4	4	0
138383200	4	4	0
138265811	4	4	0
138238315	3	3	0
138199350	3	3	0
138179256	4	4	0
138059927	7	5	2
138051514	7	4	3
138036314	4	4	0
137998291	3	3	0
137969443	3	2	1
137964580	4	4	0
137931664	18	9	9
137891983	3	3	0
137856530	3	3	0
137852446	5	4	1
137841683	3	3	0
137827076	4	4	0
137817307	4	4	0
137679728	4	4	0
137652774	7	5	2
137636712	3	3	0
137551136	8	6	2
137524658	4	4	0
137431987	6	5	1
137337848	4	4	0
137248236	3	3	0
137239595	1	1	0
137140989	4	4	0
137124215	4	4	0
137096070	2	2	0
137017971	1	1	0
136977473	2	2	0
136927814	4	4	0
136921658	3	3	0
136888849	4	4	0
136797895	4	4	0
136701090	4	4	0
136563780	1	1	0
136531756	4	4	0
136404702	4	4	0
136294872	4	4	0
136188114	4	4	0
136106973	8	6	2
136063114	3	3	0
136051218	4	4	0
136009498	4	4	0
135923255	4	4	0
135897371	7	4	3
135788324	10	5	5
135770286	13	8	5
135756056	4	4	0
135728014	3	3	0
135669031	4	4	0
135650949	4	4	0
135321466	4	4	0
135319172	8	6	2
135223278	4	4	0
135222129	4	4	0
135213076	3	3	0
134972173	4	4	0
134933520	4	4	0
134890901	4	4	0
134880398	4	4	0
134803008	4	4	0
134753202	3	3	0
134642787	7	5	2
134629894	9	7	2
134582691	4	4	0
134559934	4	4	0
134499467	10	6	4
134456044	1	1	0
134444888	4	4	0
134434156	4	4	0
134355819	4	4	0
134333561	4	4	0
134324730	4	4	0
134300124	7	5	2
134296255	4	4	0
134206205	4	4	0
134145374	6	5	1
134145054	4	4	0
134093639	4	4	0
133985246	4	4	0
133934649	6	5	1
133746200	10	7	3
133725452	4	4	0
133617967	8	6	2
133473589	1	1	0
133461862	1	1	0
133413975	5	4	1
133409412	6	4	2
133399781	4	4	0
133198177	4	4	0
133154202	4	4	0
133059244	4	4	0
132783990	6	5	1
132438622	1	1	0
132404170	10	7	3
132348834	3	3	0
132261923	4	4	0
132227821	12	7	5
132207336	14	6	8
132099781	3	3	0
131948327	4	4	0
131920948	1	1	0
131905995	6	5	1
131746656	4	4	0
131665584	1	1	0
131110687	11	6	5
130572283	8	6	2
130141324	4	4	0
129655845	3	3	0
129335435	3	3	0
129087905	14	11	3
128989122	4	4	0
128915033	3	3	0
128564069	3	3	0
128474765	7	4	3
128446585	1	1	0
128398485	5	4	1
127957856	6	5	1
127805088	10	5	5
127743583	5	3	2
127419772	7	5	2
127300788	4	4	0
127189052	4	4	0
126470119	3	2	1
126372658	4	4	0
126206749	3	3	0
126104359	1	1	0
126061818	11	7	4
125734249	4	4	0
125524157	5	4	1
124987984	1	1	0
124547526	33	16	17
124423905	6	5	1
124238366	6	5	1
124234873	5	3	2
124193999	3	3	0
124184246	5	4	1
124114179	3	3	0
123587138	4	4	0
123509594	4	4	0
123346543	2	2	0
123299423	5	4	1
123166618	10	6	4
123041241	4	4	0
122971117	5	4	1
122865511	4	4	0
122745046	3	3	0
122574859	6	4	2
122513193	4	4	0
122511930	9	6	3
122096139	4	4	0
122012646	4	4	0
121993710	3	3	0
121793476	4	4	0
121654020	4	4	0
121618508	9	6	3
121558648	4	4	0
121547311	4	4	0
121484345	11	6	5
121352474	14	8	6
121247808	1	1	0
121047890	10	6	4
120928081	4	4	0
120705749	3	3	0
120514227	4	4	0
120201047	4	4	0
119956612	4	4	0
119423184	4	4	0
119153937	9	4	5
118636583	2	2	0
118562526	19	6	13
118316329	3	3	0
118302123	9	6	3
118158463	3	3	0
118074006	4	4	0
117978184	1	1	0
117800597	1	1	0
117786650	9	6	3
117372985	1	1	0
117278647	4	4	0
116631336	4	4	0
116547531	4	4	0
116443738	4	4	0
115781926	10	6	4
115507325	4	4	0
115264673	4	2	2
115153219	7	5	2
114973959	9	6	3
114944196	4	4	0
114696884	3	3	0
114660237	4	4	0
114475060	3	3	0
114423194	4	4	0
113757643	38	20	18
113647642	8	5	3
113596367	2	2	0
113582842	4	4	0
113481422	14	8	6
112332094	4	4	0
112326054	4	4	0
112098748	4	4	0
111442829	1	1	0
111258959	4	4	0
110828641	11	6	5
110766906	4	4	0
110749423	4	4	0
110548399	5	4	1
110166209	12	8	4
109328894	4	4	0
109314748	4	4	0
109136969	4	4	0
109036736	4	4	0
109031099	3	3	0
108865848	4	4	0
108739314	8	5	3
108669272	4	4	0
108622887	4	4	0
108164723	4	4	0
107890724	3	3	0
107304324	8	6	2
107282449	4	4	0
106407801	20	11	9
106216305	4	4	0
106193896	12	6	6
106130929	4	4	0
105778623	12	7	5
105725870	3	3	0
105643443	4	4	0
105608778	10	6	4
105572503	4	4	0
104641066	6	5	1
104491554	9	6	3
104484588	4	4	0
104337291	4	3	1
104219662	4	4	0
104197809	1	1	0
104163527	4	4	0
104137430	1	1	0
104054107	3	3	0
103948089	4	4	0
103858985	4	4	0
103606874	8	6	2
103190577	15	10	5
103186189	4	4	0
103033154	11	7	4
102326295	4	4	0
102281319	3	3	0
102237881	4	4	0
101923698	15	9	6
101614665	8	5	3
101403339	1	1	0
101271999	12	9	3
101172671	5	4	1
101096448	16	8	8
101035049	4	4	0
101022755	3	3	0
100981818	4	4	0
100799760	7	6	1
100750223	8	5	3
100523061	4	4	0
99976386	4	4	0
99706760	6	5	1
99697450	4	4	0
99140204	4	4	0
99054392	9	6	3
98945643	4	4	0
98893425	8	3	5
98664523	4	4	0
98436728	4	4	0
98041372	8	6	2
97767284	6	4	2
97639908	1	1	0
97551151	3	3	0
97361692	3	3	0
97290760	1	1	0
97158978	3	3	0
97070233	1	1	0
96872202	10	7	3
96696405	6	5	1
96577286	4	4	0
96394329	4	4	0
96266908	6	5	1
96052406	1	1	0
95982169	6	5	1
95972690	4	4	0
95922315	15	9	6
95868073	4	4	0
95588597	1	1	0
95353552	8	6	2
95211652	1	1	0
95208794	5	4	1
94841549	1	1	0
94656317	4	4	0
94609815	4	4	0
94572572	20	11	9
94307171	8	6	2
94282967	6	4	2
94229612	11	7	4
94094381	4	4	0
93578568	4	4	0
93389653	4	4	0
92917475	11	7	4
92674931	4	4	0
92300983	5	4	1
91766348	21	12	9
91630176	3	3	0
91486282	4	4	0
91422220	1	1	0
91252589	3	2	1
91158320	4	4	0
90882764	14	8	6
90695351	20	8	12
90559339	4	4	0
90421192	9	6	3
90052558	4	4	0
89898502	7	5	2
89420172	1	1	0
89373877	4	4	0
89262465	1	1	0
89199827	3	3	0
89101935	3	3	0
88990337	4	4	0
88657782	4	4	0
88057688	8	4	4
88028938	1	1	0
87855847	4	4	0
87547629	12	8	4
87162435	4	4	0
86890892	13	8	5
86809838	4	4	0
86413958	11	6	5
85905532	8	6	2
85855759	4	4	0
85730844	4	4	0
85543625	4	4	0
85472926	4	4	0
85068964	4	4	0
85021181	3	3	0
84973097	2	2	0
84581493	1	1	0
84387110	4	4	0
84247841	3	3	0
84230666	1	1	0
84168529	4	4	0
83451826	7	5	2
83362217	4	4	0
83117410	6	5	1
83116808	7	5	2
82955166	4	4	0
82874928	5	4	1
81667688	8	6	2
81583171	4	4	0
81056386	3	3	0
81033736	8	6	2
80742402	4	4	0
80436175	6	5	1
80406398	9	6	3
79403426	6	5	1
79142810	4	4	0
78907669	7	5	2
78802563	3	3	0
78716978	1	1	0
78672091	14	7	7
78355078	3	3	0
78121516	9	6	3
78119939	1	1	0
78029608	4	4	0
78023611	13	7	6
76804686	3	3	0
76406857	4	4	0
75785096	5	4	1
75423482	1	1	0
75362824	11	6	5
74871459	4	4	0
74601239	12	5	7
74516147	4	4	0
74407730	9	6	3
74167423	4	4	0
74142932	4	3	1
74013427	4	4	0
74010829	4	2	2
73353362	4	4	0
73290165	1	1	0
73139072	4	4	0
73098453	4	4	0
73021807	1	1	0
72487394	11	7	4
72254557	8	6	2
71584315	1	1	0
71343962	6	5	1
71204071	6	4	2
71064834	9	6	3
70962983	3	3	0
70756279	1	1	0
70723328	4	4	0
70292694	6	3	3
70159374	4	4	0
69774297	4	4	0
69462846	3	3	0
69337530	6	4	2
69268730	4	4	0
69244707	4	4	0
68489420	4	3	1
68479616	4	4	0
67850793	1	1	0
67826896	3	3	0
67786648	3	3	0
67690400	11	6	5
67672289	7	5	2
67621481	4	4	0
67601307	4	4	0
67141257	5	4	1
67059258	4	4	0
66922583	3	3	0
66896628	7	5	2
66744523	4	4	0
66727603	4	4	0
66568701	4	4	0
66060755	9	4	5
66040059	3	3	0
65826186	1	1	0
65782497	4	4	0
65676704	4	4	0
65665351	4	4	0
65656895	1	1	0
65370543	9	6	3
65172828	4	4	0
64792021	12	8	4
64265586	4	4	0
64209471	3	3	0
64156005	17	11	6
63942052	3	3	0
63822831	4	4	0
63752069	3	3	0
63550257	1	1	0
62484258	1	1	0
62368690	15	7	8
61689239	6	5	1
61640405	4	4	0
61389404	23	12	11
61102358	1	1	0
60707957	10	7	3
60707791	3	3	0
60046035	4	4	0
59554891	4	4	0
59539957	4	4	0
59283667	1	1	0
58821772	4	4	0
58552226	10	7	3
58480824	10	7	3
58434460	9	6	3
58421688	6	4	2
58360125	3	3	0
58347016	3	3	0
58178019	16	9	7
58122526	1	1	0
57591451	4	4	0
56771374	1	1	0
56478050	3	3	0
56243256	3	3	0
56008305	3	3	0
55802472	10	6	4
55639169	3	3	0
55453428	18	10	8
55256682	8	6	2
55037516	1	1	0
54966517	4	4	0
54567370	18	7	11
53833619	4	4	0
53767964	4	4	0
52516001	3	3	0
51833894	1	1	0
51222738	4	4	0
51075092	5	4	1
50537485	11	8	3
50284050	1	1	0
49705697	13	8	5
49632849	6	5	1
49286719	4	4	0
47931318	4	4	0
47058676	4	4	0
46808863	3	3	0
46449489	4	4	0
45919868	4	4	0
45914983	3	3	0
45247589	1	1	0
45160578	3	3	0
44717956	3	3	0
44610488	4	4	0
44416168	5	4	1
44376708	4	4	0
43431410	6	5	1
42838411	4	4	0
42563872	1	1	0
42347780	3	3	0
42089955	10	7	3
41464818	8	6	2
41276459	10	6	4
41060687	3	3	0
40864241	13	8	5
40259111	14	6	8
39938070	3	3	0
39615765	4	4	0
39575615	4	4	0
39011418	5	4	1
38357772	3	3	0
37743879	4	4	0
33597415	4	4	0
33412452	4	4	0
32596113	3	3	0
32113345	3	3	0
31950599	9	6	3
29939928	1	1	0
28789798	10	7	3
27903193	5	4	1
27824367	4	4	0
24628675	4	4	0
24416109	4	4	0
22510125	7	5	2
17595986	9	6	3
16945455	4	4	0
15970926	3	2	1
14453392	4	4	0
13029764	1	1	0
9206330	4	4	0
8642588	8	6	2
8345940	3	3	0
5125376	4	2	2
3424983	4	4	0
1658327	14	9	5
1526163	8	6	2
12672084	5	5	0
317127672	8	3	5
456651969	7	2	5
358300218	7	3	4
176165695	7	3	4
183272486	6	3	3
217447373	5	1	4
176003511	7	3	4
73600676	16	7	9
156290383	6	3	3
160700936	5	2	3
474861618	6	2	4
108431226	7	4	3
314351731	4	2	2
324367941	7	2	5
536932655	9	3	6
198553118	3	1	2
211109066	2	1	1
322704767	5	2	3
179138070	9	5	4
275956322	2	1	1
150976610	3	1	2
209386907	2	1	1
223841331	29	11	18
314805363	52	20	32
142675081	10	5	5
345022558	2	1	1
174866284	6	3	3
141121308	4	1	3
255794800	11	4	7
128404309	13	5	8
474128378	13	6	7
131822942	20	10	10
526453293	8	4	4
353764728	9	4	5
154853685	9	4	5
216106341	10	6	4
324746040	9	5	4
137073386	6	3	3
305610805	10	5	5
390427794	8	3	5
151149503	13	7	6
138555483	2	1	1
187532050	14	6	8
406349379	8	2	6
230492364	18	8	10
336847489	10	3	7
34510373	13	7	6
189760224	10	5	5
452728315	3	2	1
441163779	2	1	1
389737032	7	3	4
467280030	7	4	3
543580048	8	4	4
182309904	15	9	6
443571912	15	8	7
220246321	3	2	1
75357288	12	4	8
201205817	11	4	7
260382273	2	1	1
373353206	2	1	1
297673464	18	7	11
134311771	6	3	3
147887024	15	6	9
146770196	8	4	4
490458492	2	1	1
157695878	13	6	7
96192644	5	3	2
346990727	3	1	2
73273232	8	5	3
347130639	11	5	6
186803451	4	2	2
255429171	8	4	4
217518444	4	2	2
39852578	7	3	4
543362278	9	2	7
196516417	5	3	2
78683317	12	5	7
134805657	6	3	3
429783055	25	10	15
220720784	7	3	4
134807921	8	3	5
451124504	8	3	5
423861288	4	2	2
325494748	9	0	0
346573353	11	5	6
161400276	9	5	4
522664333	8	4	4
162274572	17	8	9
266669392	2	1	1
493218214	5	2	3
248169583	2	1	1
494178698	2	1	1
261872176	3	2	1
198835311	7	3	4
341552615	12	4	8
184737522	9	4	5
508001614	7	3	4
261712412	6	3	3
144594569	4	2	2
95127543	7	3	4
90472859	6	3	3
507288584	12	6	6
160387286	7	2	5
240329343	4	2	2
159888868	8	3	5
202366650	9	3	6
261724672	5	2	3
169231412	4	1	3
184441873	5	2	3
461280379	11	5	6
86431481	5	3	2
131890593	3	1	2
438919706	4	2	2
426444797	3	1	2
135830022	3	1	2
324720258	3	1	2
517494763	2	1	1
262335913	4	2	2
283204582	2	1	1
265101247	19	10	9
376980026	12	5	7
155120005	6	4	2
405627393	17	7	10
284234108	3	1	2
307467543	9	4	5
139656221	8	4	4
177810661	18	10	8
304629572	11	5	6
226040866	6	3	3
526334051	2	1	1
367223161	12	5	7
206356653	8	4	4
153245715	7	3	4
139536978	8	4	4
317532162	5	4	1
260757629	23	12	11
340096550	5	3	2
156831114	8	3	5
499547695	11	6	5
405096162	2	1	1
227789349	11	2	9
158491802	4	2	2
75349612	5	3	2
175634351	2	1	1
498077971	14	5	9
427683548	4	1	3
371469551	8	4	4
267406283	3	1	2
367759246	3	1	2
177217218	2	1	1
175374875	3	1	2
202547159	7	4	3
428313035	9	5	4
385842322	9	4	5
215845148	16	6	10
304262937	3	1	2
249825699	6	2	4
351219689	10	5	5
242290055	2	1	1
372940858	5	2	3
166474350	12	5	7
155839997	3	1	2
415951431	15	7	8
301352736	8	5	3
253608244	7	3	4
504972615	7	5	2
365236474	3	3	0
124986327	10	5	5
155429180	6	3	3
257714037	8	4	4
543572644	3	2	1
542786011	3	2	1
542772667	3	2	1
538297823	16	7	9
526758629	3	2	1
522508307	5	3	2
522162132	11	6	5
520619618	6	3	3
519662544	4	2	2
519482571	1	1	0
515148663	37	18	19
499985582	3	2	1
494661695	1	1	0
492270553	30	10	20
489392825	1	1	0
487252754	3	2	1
483456334	8	4	4
478726087	14	7	7
474494465	6	4	2
467627661	6	3	3
467314737	3	2	1
461788174	15	8	7
459142695	1	1	0
453615962	8	3	5
453164361	3	2	1
450491301	7	4	3
450363307	1	1	0
448894391	5	2	3
444847679	3	2	1
438432414	3	2	1
436021851	10	4	6
433654419	1	1	0
431930211	1	1	0
428091505	5	3	2
426459868	5	3	2
423538171	8	4	4
420834399	4	2	2
417516887	3	2	1
401623118	10	4	6
399832929	3	2	1
393855347	3	2	1
387511890	5	3	2
374252749	3	3	0
372977101	8	4	4
367657557	12	6	6
364733433	4	2	2
362434674	10	5	5
362055218	1	1	0
361982085	5	3	2
358511848	20	11	9
357459755	6	3	3
355930723	6	3	3
355550666	1	1	0
354285797	5	3	2
354216552	4	2	2
343069593	9	5	4
340439522	7	4	3
335096236	3	2	1
333078381	4	2	2
330904260	3	2	1
327634205	4	2	2
326305654	1	1	0
325467803	3	2	1
325451213	1	1	0
322643062	3	2	1
322281344	8	4	4
321498656	6	3	3
320017103	3	2	1
318831133	6	3	3
318628326	2	1	1
317442505	6	3	3
316507871	1	1	0
315849087	1	1	0
315328083	6	3	3
314667008	3	2	1
312898958	1	1	0
312500091	4	2	2
308154868	3	2	1
307056243	5	3	2
299023678	14	6	8
298660436	4	2	2
293135013	3	2	1
291865749	3	2	1
291417369	4	2	2
289293185	5	3	2
288215102	6	3	3
287015018	1	1	0
285726277	1	1	0
284560900	3	2	1
284280625	3	2	1
283863602	1	1	0
283048096	6	3	3
280077341	11	5	6
278115805	1	1	0
276514288	3	2	1
269831836	4	2	2
269458591	9	4	5
268869714	3	2	1
267307177	3	2	1
265353899	4	2	2
264038208	7	4	3
263567484	3	2	1
258559166	4	2	2
258103361	5	3	2
255669864	3	2	1
254580040	3	2	1
253086718	8	3	5
252553337	3	2	1
252468408	4	2	2
252268778	1	1	0
249730452	1	1	0
247881835	1	1	0
245889871	1	1	0
244159498	3	2	1
243047048	8	3	5
243020342	1	1	0
242270662	3	2	1
241600925	3	2	1
240419438	4	2	2
239359649	6	4	2
239130546	3	2	1
238526838	6	3	3
234719402	4	2	2
234450460	3	2	1
234401408	13	5	8
232908991	9	4	5
232560934	7	3	4
229016267	8	4	4
227996526	3	2	1
226735775	5	2	3
225896580	9	4	5
225181874	5	3	2
224830802	3	2	1
224742985	1	1	0
223716376	8	3	5
223047163	3	2	1
220940080	3	2	1
219918511	4	2	2
219249917	4	2	2
217523946	10	4	6
215229065	4	2	2
213724612	4	2	2
211760325	7	3	4
209899185	3	2	1
209848720	4	2	2
209751366	3	2	1
209478422	4	2	2
208691301	29	12	17
207207906	11	4	7
207202301	1	1	0
206701759	7	4	3
206322011	1	1	0
204924554	3	2	1
203242097	13	6	7
202936298	5	3	2
201325604	1	1	0
200178457	16	8	8
199875695	1	1	0
199836393	8	3	5
197302612	6	3	3
196315105	14	7	7
195719329	3	2	1
195312566	3	2	1
195311887	3	2	1
195214517	3	1	2
194363489	3	2	1
192612996	47	21	26
191805029	1	1	0
190846948	3	2	1
190648594	3	2	1
190502681	8	4	4
188366231	3	2	1
186087701	7	4	3
184801011	12	5	7
184790923	5	3	2
184186685	5	2	3
183877009	6	3	3
182866672	6	4	2
182267098	1	1	0
182132877	7	4	3
181465548	8	4	4
179714235	8	4	4
178564744	3	2	1
178371943	4	2	2
178350340	13	6	7
177664367	5	3	2
176569461	7	4	3
174636553	5	3	2
172176847	5	3	2
172136705	11	5	6
171746221	3	2	1
171204527	3	2	1
170586355	3	2	1
170531177	8	4	4
170475299	12	6	6
170045994	3	2	1
169983368	7	4	3
168969164	11	4	7
165125720	9	5	4
164172005	3	2	1
163830598	1	1	0
162827989	6	4	2
162038927	6	3	3
161367735	6	3	3
159994431	6	3	3
159961422	3	2	1
159344096	1	1	0
158020904	18	7	11
157624919	3	2	1
157050843	1	1	0
156809527	6	3	3
155585482	10	6	4
155258050	3	2	1
153489243	5	3	2
151649403	3	2	1
150679037	4	2	2
150594944	1	1	0
148542154	3	2	1
147307755	1	1	0
146709691	3	2	1
146706548	3	2	1
146465869	7	3	4
145688508	3	2	1
145160717	1	1	0
143318272	17	8	9
143210262	3	2	1
143112486	1	1	0
142710023	1	1	0
141913953	3	2	1
141061207	5	3	2
140661823	3	2	1
137620565	11	7	4
136340577	3	2	1
134017089	9	5	4
123606110	1	1	0
121158722	7	4	3
121136644	5	3	2
120921936	1	1	0
120856402	3	2	1
120661675	6	3	3
120467209	9	4	5
113553499	1	1	0
112762944	1	1	0
112011680	4	2	2
110612810	4	2	2
103852583	1	1	0
99647627	4	2	2
97489385	2	1	1
95678891	1	1	0
92927601	1	1	0
89350302	1	1	0
86599026	3	2	1
85653101	3	2	1
84524954	3	2	1
79964853	6	3	3
79853794	5	3	2
73346582	3	2	1
67932135	3	2	1
60990566	5	3	2
58645362	7	2	5
53318580	5	3	2
52048252	9	5	4
44351820	7	4	3
32888911	1	1	0
29237466	8	4	4
6629705	3	2	1
