id	Всего сообщений	Сообщений ученика	Сообщений учителя
188106307	4	3	1
399052033	39	15	24
203063442	20	10	10
434468247	13	8	5
175397027	225	93	132
162469552	144	76	68
443114798	41	19	22
454656336	9	6	3
264636955	16	9	7
412480211	15	11	4
242464572	19	11	8
431551254	2	1	1
260233769	11	6	5
326430841	16	10	6
250138960	36	18	18
364145294	28	15	13
268869714	11	6	5
159440857	14	9	5
229397955	8	3	5
514544267	11	5	6
447239041	27	13	14
481189082	19	10	9
249681909	63	30	33
520431279	4	2	2
152023489	14	8	6
338358095	48	27	21
163037271	12	7	5
146708922	22	12	10
124193999	8	6	2
317532162	13	7	6
192570995	63	37	26
409658912	12	9	3
244603006	14	8	6
270080891	9	8	1
211952118	15	10	5
352949993	13	7	6
541760679	13	7	6
146416118	11	8	3
165315367	17	10	7
391150045	16	10	6
354884368	17	11	6
508761362	772	198	574
134642787	10	7	3
208231323	15	9	6
135877508	7	4	3
498540943	6	4	2
163456184	77	38	39
157265885	38	22	16
167323115	10	2	8
230461720	10	5	5
367723332	7	4	3
161624403	41	23	18
240726822	25	15	10
145128063	24	17	7
179269610	4	2	2
338363750	30	15	15
152330379	3	1	2
159312454	11	5	6
352032749	5	2	3
63942052	28	14	14
388361205	2	1	1
67141257	23	9	14
181191805	14	8	6
229707437	4	2	2
114141186	6	3	3
346990727	20	10	10
154271958	8	5	3
528712506	87	38	49
500349958	12	8	4
503730038	67	41	26
270973135	8	6	2
140442260	3	2	1
129087905	24	16	8
349185870	36	17	19
142726040	32	17	15
122716447	117	46	71
473181982	7	6	1
460299213	9	7	2
182747866	17	7	10
136919512	46	21	25
115264673	21	8	13
150860002	9	7	2
420860556	5	2	3
158716643	60	19	41
134311771	17	7	10
136977473	14	4	10
521821541	15	10	5
369765378	2	1	1
108865848	7	6	1
256138264	20	12	8
431930211	4	3	1
144355715	10	7	3
439735146	16	9	7
543846974	20	8	12
173674956	37	18	19
221351196	10	7	3
179434760	26	15	11
170011697	14	9	5
266519105	9	7	2
209726724	43	17	26
126686652	12	8	4
67621481	19	12	7
13029764	11	7	4
254629766	22	13	9
158278400	14	7	7
237527625	41	14	27
108739314	11	7	4
178183319	15	6	9
295807169	15	9	6
142586933	24	8	16
201362547	14	9	5
66568701	10	8	2
78672091	21	10	11
188954044	37	20	17
296765544	25	15	10
252575019	48	25	23
155028781	9	7	2
486004944	32	18	14
103033154	26	14	12
543381441	9	7	2
243020342	5	3	2
73346582	7	4	3
164116368	20	10	10
508869876	19	12	7
467348687	14	7	7
302160533	11	8	3
139656221	20	9	11
219829530	6	4	2
179646332	8	3	5
521290134	32	20	12
231355555	24	12	12
273503745	7	3	4
101923698	24	16	8
143188892	39	19	20
133473589	12	6	6
519482571	10	4	6
73583011	37	17	20
226807032	35	14	21
96266908	9	7	2
346181883	12	9	3
407601108	12	5	7
151629638	17	5	12
312572223	12	7	5
153493894	5	3	2
159835787	5	3	2
159313296	24	13	11
224806485	9	7	2
353707140	34	17	17
441100124	11	5	6
130807324	8	6	2
433979379	18	11	7
222648682	39	18	21
74142932	15	10	5
249459369	10	8	2
396992623	15	8	7
291047221	13	8	5
182301424	33	17	16
348909127	8	6	2
196262909	36	19	17
202318960	69	35	34
155457178	34	19	15
74436858	26	12	14
336271241	8	6	2
137602170	21	10	11
166267002	23	13	10
77966253	27	16	11
104337291	38	20	18
181065409	13	5	8
160744436	21	11	10
256232911	50	22	28
396968603	26	14	12
78023611	20	10	10
256580926	36	13	23
161112257	21	10	11
87855847	12	9	3
246566778	7	6	1
318227439	13	8	5
371779853	21	10	11
530905230	20	16	4
301263550	35	20	15
483195829	19	12	7
181641382	5	3	2
249463268	9	5	4
111258959	19	13	6
439171516	16	7	9
384353355	17	11	6
56478050	11	8	3
284946391	22	13	9
323096999	24	12	12
267863470	2	1	1
526792819	4	2	2
344354248	71	50	21
173548542	11	3	8
298913099	12	8	4
216826984	14	9	5
168955145	31	17	14
242102155	15	8	7
311302966	7	4	3
137627051	4	2	2
137551136	14	9	5
137891983	9	7	2
142076332	19	12	7
227288518	62	25	37
213564877	4	2	2
154699801	28	14	14
72671902	18	8	10
138585345	12	8	4
179146207	24	16	8
130572283	17	11	6
451672686	5	2	3
222580522	11	3	8
538950259	17	9	8
301620104	13	9	4
94307171	12	8	4
502316587	36	14	22
260056634	16	10	6
497281507	21	9	12
151193771	33	21	12
153302537	17	10	7
419862412	29	13	16
213593334	17	11	6
293735278	32	15	17
73021807	9	4	5
161979913	21	14	7
163636248	26	16	10
475979973	20	12	8
56185742	104	44	60
75362824	16	9	7
403667975	7	2	5
232387263	34	14	20
144224807	8	6	2
174780299	49	25	24
222306609	39	23	16
150378736	7	4	3
133231744	7	3	4
221102640	4	2	2
200456783	53	21	32
388580614	9	7	2
162308863	33	19	14
136222403	10	5	5
248434643	10	7	3
401792706	72	37	35
138706633	8	4	4
404931574	11	8	3
153288791	28	12	16
208448901	7	4	3
222252696	17	7	10
372638490	54	27	27
379633387	14	9	5
198676759	6	4	2
221802851	7	6	1
215348270	24	13	11
486704313	46	21	25
528836676	6	2	4
440298082	13	9	4
413355004	6	4	2
199587543	10	7	3
227296940	59	22	37
437450350	15	10	5
147122059	33	10	23
439552406	39	19	20
197641288	3	2	1
182306658	23	11	12
199883101	2	1	1
235346546	20	14	6
262683798	7	3	4
97484555	9	7	2
173017583	11	10	1
349620614	30	15	15
58658204	7	4	3
284559313	18	9	9
113556657	43	23	20
162921204	44	26	18
304741397	15	7	8
243609972	21	11	10
247487365	12	9	3
373765130	16	8	8
406929921	10	6	4
538297823	21	9	12
499666748	29	15	14
191573459	62	30	32
439482487	39	20	19
531791429	16	9	7
501119893	13	9	4
83451826	15	10	5
92437715	10	6	4
150810428	4	2	2
393707883	29	13	16
114961791	58	30	28
87215379	5	2	3
74478134	179	81	98
343069593	14	7	7
121047890	16	9	7
507140691	28	16	12
138808864	28	16	12
265702643	8	5	3
346950294	17	7	10
374605870	8	6	2
96097922	16	10	6
233076440	10	4	6
526372982	5	1	4
277641581	27	10	17
109436786	10	5	5
452064594	4	2	2
161360058	8	7	1
543656360	6	3	3
404527410	34	17	17
154831294	17	10	7
365534909	5	2	3
202905853	35	19	16
204213710	11	7	4
290619241	17	8	9
225277624	14	11	3
402074941	10	8	2
182088041	41	22	19
134499467	18	12	6
134648480	11	5	6
142626024	7	6	1
151796374	21	12	9
373247848	12	8	4
154531232	6	5	1
393399988	10	7	3
170127725	29	17	12
203982608	29	18	11
170866230	8	6	2
439255652	47	28	19
163720554	38	20	18
198435202	8	4	4
264374333	24	12	12
370092497	60	26	34
157757275	60	29	31
159165367	28	18	10
269155388	22	8	14
225580234	8	6	2
161367735	9	4	5
248378027	4	1	3
296094512	11	8	3
100588175	14	5	9
240366103	20	11	9
161032821	14	9	5
433941477	41	22	19
184185690	37	18	19
148907256	17	12	5
522612773	48	21	27
165172025	4	2	2
447379623	21	12	9
178097868	77	46	31
175181378	41	20	21
479831024	6	3	3
525232063	31	18	13
251953575	84	38	46
150882997	61	33	28
341127650	8	4	4
162038927	11	5	6
157624919	10	6	4
169642207	7	3	4
317532131	23	11	12
544949868	39	16	23
389704880	12	5	7
544776546	16	9	7
171552075	16	10	6
369280203	20	11	9
137722357	9	3	6
494167818	21	13	8
210845396	19	11	8
159838878	16	10	6
153328838	9	7	2
508222454	31	18	13
388982742	24	12	12
451633449	6	2	4
377343226	16	9	7
188947245	7	6	1
220674456	13	8	5
300650058	23	13	10
173976809	9	7	2
316507871	11	7	4
193653911	8	6	2
143810645	9	7	2
294732774	26	14	12
289660437	9	7	2
194316192	53	23	30
444404901	6	4	2
184363882	9	7	2
257036880	8	6	2
137676205	7	4	3
535337547	13	4	9
387511890	9	5	4
310002547	31	15	16
409828227	7	6	1
230331634	11	9	2
139536978	10	5	5
140498087	15	9	6
249254760	16	8	8
150586880	27	15	12
516629011	9	7	2
534458274	26	11	15
227437234	3	1	2
172483984	18	11	7
225064949	8	6	2
167020712	8	4	4
542734417	5	2	3
203610913	8	6	2
307791065	24	10	14
216072782	3	2	1
162827989	8	5	3
321622215	19	11	8
498521275	45	22	23
308154868	12	5	7
162841107	11	8	3
356086737	16	8	8
171593897	26	13	13
155016773	28	13	15
106407801	39	22	17
451886090	20	13	7
255534232	10	7	3
508381516	6	2	4
258430846	8	6	2
209359071	8	4	4
243683055	22	10	12
282646680	9	4	5
91422220	4	3	1
121158722	14	7	7
218428385	19	14	5
147112318	29	15	14
475985089	9	4	5
139567091	30	18	12
357490056	38	20	18
236510747	9	7	2
182982398	15	7	8
136047492	10	4	6
299812967	9	3	6
135728014	9	7	2
171736011	2	1	1
169533675	14	10	4
208778658	17	10	7
205642911	31	16	15
284488014	15	7	8
202329548	10	5	5
322437362	22	12	10
544027920	9	7	2
299225382	7	2	5
86431481	7	4	3
483185605	48	25	23
158212106	14	7	7
188453851	16	9	7
135770286	19	11	8
262801449	13	8	5
170720513	10	7	3
277391949	18	12	6
234719402	8	4	4
333734385	15	9	6
159664428	21	13	8
155556540	22	12	10
321041291	24	14	10
105725870	9	6	3
297551454	5	3	2
501589364	18	10	8
106734811	6	3	3
339611210	10	5	5
378280179	7	6	1
424878708	3	1	2
349175678	8	6	2
151073475	3	1	2
256596022	19	11	8
118074006	11	8	3
217167991	15	11	4
474630642	4	2	2
233139578	15	10	5
276902154	22	9	13
492434887	16	10	6
168028520	9	7	2
315849087	13	10	3
215534446	91	38	53
150837137	12	8	4
364433945	51	23	28
498966311	13	8	5
376365980	40	15	25
172136705	14	6	8
325419300	11	8	3
222204648	10	4	6
277159377	15	10	5
244101686	10	6	4
396635680	22	12	10
504894325	12	8	4
190846948	10	6	4
385615160	8	5	3
176569461	10	5	5
187674806	10	6	4
208086653	9	4	5
161021786	5	2	3
270011281	19	12	7
245222249	20	12	8
525306194	22	13	9
241310331	17	8	9
217779669	18	8	10
125914650	8	4	4
508317383	7	6	1
533962475	11	5	6
264327676	26	15	11
116443738	39	23	16
149109309	38	15	23
202091086	18	9	9
475934828	6	3	3
351132434	7	5	2
227737255	25	13	12
210083755	4	2	2
187058955	20	13	7
478604648	16	10	6
185617740	7	4	3
380499150	4	2	2
527882444	4	2	2
122566845	20	8	12
492012389	7	3	4
228959900	8	6	2
215575279	6	3	3
198975930	13	8	5
155885354	14	9	5
157382863	11	6	5
66040059	12	7	5
215283037	27	14	13
471927168	27	10	17
309389388	4	2	2
510216508	6	4	2
394463812	84	28	56
542014195	9	7	2
172696201	9	4	5
315156561	9	7	2
487485665	14	11	3
199829661	7	4	3
281877381	26	11	15
91369543	6	3	3
417100885	2	1	1
233994806	11	4	7
453864351	25	12	13
132955201	7	4	3
180398658	17	12	5
177493405	19	10	9
158491802	26	11	15
203242097	16	8	8
134890901	11	8	3
209092223	12	8	4
279530612	16	10	6
74167423	9	7	2
312361165	13	7	6
211784083	34	17	17
472665019	8	4	4
152692851	7	4	3
407687427	4	0	4
134880398	9	7	2
508786145	31	17	14
254878137	13	9	4
31793065	6	3	3
139354333	3	1	2
40864241	16	10	6
521278810	99	41	58
307306219	6	3	3
286838728	7	6	1
216642322	9	7	2
154286664	18	11	7
520494787	4	3	1
90882764	19	11	8
210895568	27	13	14
539287118	8	6	2
208685785	38	21	17
194152151	6	3	3
143097228	26	13	13
207658719	20	15	5
77379207	36	20	16
489777758	13	8	5
216222028	33	18	15
289497545	7	6	1
277843740	4	2	2
76619255	17	7	10
126372658	8	6	2
216857834	11	6	5
123166618	16	9	7
180033157	2	1	1
269609076	55	26	29
156559185	21	12	9
479175187	4	3	1
223672114	17	8	9
202943046	16	11	5
329820763	13	9	4
471650901	21	12	9
231698545	12	6	6
49496336	5	2	3
505302345	7	6	1
319142574	9	5	4
77931245	14	7	7
381374477	7	4	3
407179642	23	9	14
176490090	33	15	18
249079548	10	6	4
64156005	21	14	7
532647982	18	10	8
532599377	1	1	0
531935939	5	5	0
544952797	13	8	5
544883312	1	1	0
544794584	8	4	4
544763802	7	5	2
544735677	17	9	8
544629525	1	1	0
544590701	2	2	0
544549634	28	13	15
544473919	5	5	0
544218969	8	5	3
544095833	10	7	3
543954702	9	7	2
543879545	6	5	1
543764641	87	43	44
543729450	5	5	0
543725825	4	4	0
543686386	10	6	4
543485631	5	5	0
543341184	17	12	5
542926037	7	6	1
542866165	7	6	1
542786011	4	3	1
542784711	5	5	0
542508366	5	5	0
541645408	18	12	6
541528198	4	4	0
541364344	15	11	4
541105584	10	7	3
540630006	6	5	1
540316612	17	10	7
540132091	5	5	0
539962653	14	10	4
539855071	4	3	1
539243211	74	46	28
539201716	5	5	0
539167829	5	5	0
538270935	14	8	6
537920759	7	6	1
537876010	11	6	5
537854339	80	40	40
537401268	10	7	3
537336815	4	3	1
537252955	10	7	3
537142238	19	11	8
536932655	10	4	6
536641100	5	5	0
536596928	2	2	0
536152736	7	6	1
535979158	21	9	12
535658047	5	5	0
535557015	63	23	40
535423277	22	10	12
534516328	5	5	0
533799454	5	5	0
533210725	12	6	6
533166295	13	8	5
531921328	5	5	0
530733760	5	5	0
530552849	1	1	0
530347148	5	5	0
529846250	2	2	0
529370191	8	7	1
529224132	1	1	0
528962836	10	7	3
528305376	5	5	0
527988015	5	5	0
527598645	26	13	13
527569256	5	5	0
527191177	4	4	0
526913261	5	5	0
526758629	4	3	1
526730043	5	5	0
526643024	5	5	0
526440713	2	2	0
526427934	8	5	3
525358861	6	3	3
525154238	1	1	0
524906952	5	5	0
524790931	2	2	0
524643768	7	6	1
524616965	5	3	2
524375954	8	6	2
523966364	82	40	42
523956156	5	4	1
523647146	4	4	0
522372788	5	5	0
522368102	7	6	1
522190861	40	20	20
522162132	12	7	5
522069624	61	31	30
522058664	4	4	0
521161030	4	4	0
520840338	5	5	0
520434872	9	7	2
520273840	7	4	3
520047622	1	1	0
519864382	5	5	0
519362623	5	5	0
519355974	5	3	2
517393217	12	6	6
517360239	5	5	0
517308534	4	4	0
517262357	10	6	4
517233167	9	7	2
517106462	5	5	0
516414262	5	5	0
516157558	4	4	0
515547655	2	2	0
515271593	5	5	0
514754269	4	4	0
514427753	22	11	11
513977156	5	5	0
513851036	4	4	0
513725443	11	8	3
513160581	5	5	0
512787664	2	2	0
512731349	5	5	0
512472491	5	5	0
512303780	5	5	0
511970927	5	5	0
511277792	7	5	2
511037349	5	5	0
511006487	4	3	1
510517008	5	5	0
509772720	8	6	2
509673900	1	1	0
509524435	13	8	5
509403248	1	1	0
509372168	14	9	5
509356405	5	5	0
509284296	5	5	0
508967119	2	2	0
508894889	9	7	2
508535119	2	2	0
508515329	5	5	0
508420727	12	7	5
508384130	13	8	5
508260275	5	5	0
508212280	4	4	0
508123096	12	8	4
508116053	5	5	0
508112332	14	9	5
508076918	8	6	2
507952337	4	4	0
507754641	5	4	1
507656181	6	4	2
507518612	2	2	0
507284459	4	4	0
506660540	4	4	0
506343997	4	3	1
506282199	5	5	0
506144490	14	9	5
505877598	7	6	1
505868329	5	5	0
505799540	8	6	2
505699627	5	5	0
505665000	5	5	0
505581467	13	8	5
505297336	1	1	0
505101849	5	5	0
504087732	4	4	0
504071807	15	7	8
503915151	5	5	0
503893507	2	2	0
503875834	11	7	4
503768723	2	2	0
503703501	8	6	2
503694668	9	7	2
503642515	1	1	0
503589275	43	27	16
503544016	5	5	0
503431955	5	5	0
503307258	19	11	8
503258435	5	5	0
503157129	5	5	0
503125428	16	10	6
503121257	5	5	0
503001012	16	9	7
502661527	5	5	0
502224543	5	5	0
502170820	11	7	4
502129626	2	2	0
501020131	5	5	0
500599936	5	5	0
500450969	9	7	2
500359446	26	15	11
500188236	4	4	0
500145360	5	5	0
500070846	10	7	3
499721801	5	5	0
499655201	1	1	0
499539714	4	3	1
499427892	5	5	0
499379498	5	5	0
499267879	4	4	0
498652579	11	7	4
498648965	17	10	7
498629927	9	7	2
498557848	4	4	0
498302219	5	5	0
498104301	10	8	2
498031791	5	5	0
498023994	5	5	0
498004793	8	6	2
497990946	1	1	0
497700761	2	2	0
497533176	7	5	2
497481728	5	5	0
497297588	5	5	0
497142238	5	5	0
497090181	4	4	0
497052424	12	7	5
496917161	10	7	3
496893936	5	5	0
496801531	1	1	0
496696814	5	5	0
496685164	10	7	3
496521284	1	1	0
496508135	5	5	0
496488740	2	2	0
496264273	7	5	2
495884755	7	6	1
495422023	8	6	2
495091883	5	5	0
494826927	5	5	0
494692271	2	2	0
494405403	7	6	1
494232827	5	5	0
494042693	5	5	0
493366609	5	5	0
493087540	16	10	6
492973265	5	5	0
492953186	9	7	2
492889724	5	5	0
492387751	5	5	0
492207400	5	5	0
492162505	4	4	0
492136273	23	13	10
491685612	9	7	2
491641751	5	5	0
491595185	7	5	2
491557628	12	8	4
491543192	6	5	1
491219727	6	5	1
491068517	2	2	0
490768270	14	9	5
490472604	20	12	8
490383953	32	15	17
490166274	13	9	4
489394301	8	7	1
489318634	5	5	0
489164062	7	6	1
489087458	15	9	6
489083609	11	8	3
488670925	13	8	5
488639954	14	9	5
488523163	8	6	2
488422875	7	6	1
488403154	5	5	0
487884306	5	5	0
487648390	5	5	0
487145369	9	6	3
487102247	9	7	2
486779480	1	1	0
486774353	6	5	1
486356436	13	8	5
486223943	7	4	3
486157138	5	5	0
486130079	11	8	3
485983309	11	8	3
485923360	11	7	4
485064390	4	4	0
485049982	5	5	0
484837714	6	4	2
484485234	4	4	0
484443541	5	5	0
484168203	4	4	0
483999948	5	5	0
483970055	11	8	3
483557503	5	5	0
483552770	5	5	0
483504581	16	10	6
483456334	9	5	4
483398296	5	5	0
482344612	7	6	1
482185315	13	8	5
482060754	7	6	1
481100516	2	2	0
480940778	52	24	28
480512518	5	5	0
480252030	8	6	2
479273721	30	18	12
479158865	11	8	3
479099061	5	5	0
478943229	5	5	0
478745404	5	5	0
478585933	5	5	0
477783904	5	5	0
477386566	15	11	4
477211363	4	4	0
477058239	12	7	5
477050876	13	9	4
476893229	13	8	5
475366021	5	5	0
475356922	5	5	0
475040040	19	9	10
474861618	7	3	4
474658715	17	8	9
474128378	14	7	7
473858210	23	13	10
472902007	13	7	6
472569323	5	5	0
472337147	2	2	0
471794654	9	6	3
471236350	5	5	0
471008813	5	5	0
470920452	5	5	0
470874382	9	7	2
470797100	5	5	0
470525982	12	8	4
470286345	2	2	0
469992141	2	2	0
469603604	17	8	9
469600198	12	8	4
469161602	22	8	14
468245122	5	5	0
467898268	5	5	0
467888316	4	4	0
467506533	2	2	0
467174170	5	5	0
466753485	5	5	0
466430201	4	4	0
465797548	5	5	0
465593666	7	5	2
465550608	4	4	0
465359308	2	2	0
465356361	10	7	3
465166913	7	6	1
465121904	5	5	0
465078993	7	6	1
464135368	5	5	0
463946620	5	5	0
463820156	7	6	1
463352333	4	4	0
462668504	27	14	13
462664283	17	10	7
461975054	8	6	2
461775536	12	7	5
461465875	5	5	0
461402247	7	6	1
461293362	10	6	4
461280379	12	6	6
461094266	5	5	0
461055515	7	6	1
460926799	5	4	1
460693905	9	4	5
459908220	11	8	3
459255993	21	11	10
459142695	2	2	0
458933966	7	6	1
458317991	14	6	8
458237190	8	6	2
457581878	11	8	3
457355293	5	5	0
457039160	5	5	0
456468182	4	4	0
456232007	1	1	0
456036903	10	7	3
455905664	7	6	1
455792937	5	5	0
455560760	1	1	0
455114547	5	5	0
454947637	8	6	2
454639673	5	5	0
454490160	19	12	7
454210271	5	5	0
454095268	5	3	2
454085949	1	1	0
453987900	5	5	0
453486287	1	1	0
452876801	5	5	0
452194097	4	4	0
451470778	5	5	0
451459040	4	4	0
448945519	6	5	1
448707762	8	6	2
448378590	5	5	0
448157539	13	5	8
447610276	5	5	0
447304081	4	4	0
447092186	5	5	0
446976865	8	6	2
446818796	7	4	3
446780969	2	2	0
446720124	5	5	0
446532794	5	5	0
446165573	2	2	0
446093990	8	4	4
446022317	10	7	3
445933199	2	2	0
445853679	13	8	5
445615637	5	5	0
445453276	5	5	0
445453276	5	5	0
445095241	15	9	6
444874516	2	2	0
444645380	2	2	0
444498870	6	3	3
444238559	5	5	0
444100744	7	6	1
443985677	7	6	1
443971011	5	5	0
443950373	2	2	0
443873537	1	1	0
443623920	2	2	0
443571912	16	9	7
443285484	6	5	1
442956948	9	7	2
442785580	10	6	4
442573647	13	7	6
442285920	4	3	1
442206457	2	2	0
441970695	4	4	0
441876234	5	5	0
441768123	5	5	0
441734747	2	2	0
441542499	6	5	1
441428037	9	4	5
440007170	11	5	6
439931585	1	1	0
439757670	5	5	0
439575586	5	5	0
439571356	2	2	0
181555111	3	2	1
438945372	2	2	0
438601355	4	4	0
438482093	5	5	0
437996570	5	5	0
437743575	11	7	4
437645760	2	2	0
437427322	6	5	1
437072091	1	1	0
436798348	5	5	0
436666168	7	6	1
436430557	5	3	2
436398679	15	8	7
436313956	7	6	1
436077453	1	1	0
436009598	4	4	0
435898170	8	4	4
435756256	15	11	4
435434367	5	5	0
435403735	5	5	0
435224244	11	8	3
435214571	24	15	9
435189010	14	7	7
434729885	1	1	0
434617830	7	6	1
434468247	12	8	4
434053252	5	5	0
434009785	1	1	0
433654419	2	2	0
433540496	2	2	0
433305679	2	2	0
433146184	9	5	4
433094741	13	9	4
432553095	7	6	1
432502054	4	4	0
432368765	1	1	0
432316311	1	1	0
432090366	4	3	1
432011946	4	4	0
431996517	5	5	0
431891681	4	4	0
431647955	4	4	0
431373872	12	9	3
431335765	2	2	0
431268557	5	5	0
431042964	5	5	0
431039458	5	5	0
430873395	5	5	0
430721578	6	4	2
430442326	5	5	0
430048976	4	4	0
429876923	11	6	5
429513930	5	5	0
429367045	5	5	0
429145349	8	5	3
428733359	6	4	2
427393063	7	6	1
427282257	5	5	0
427170761	7	6	1
426675105	2	2	0
426561538	2	2	0
425049059	9	7	2
424556525	16	8	8
424222580	7	6	1
424027015	5	5	0
423859799	15	10	5
423044801	4	4	0
421891667	2	2	0
421431758	5	5	0
421280193	7	5	2
421088171	12	8	4
420854423	5	5	0
420669387	4	4	0
420646324	8	5	3
419827244	11	7	4
419496332	14	8	6
419355239	11	5	6
418886614	8	6	2
418053276	6	3	3
417451224	4	4	0
416308218	5	5	0
415970809	7	6	1
415758374	9	6	3
414861683	6	5	1
414694214	5	5	0
414411920	10	6	4
414250388	2	2	0
413536653	21	12	9
413502949	8	6	2
413302942	5	5	0
413147154	5	5	0
413053498	4	4	0
412256870	10	7	3
412166034	2	2	0
411664294	4	4	0
411662588	11	8	3
411459806	5	5	0
411079985	4	4	0
410715927	7	6	1
410307588	10	7	3
410205510	2	2	0
410188819	5	5	0
410005202	7	6	1
409441920	4	4	0
409108133	5	5	0
408860240	4	2	2
408809476	5	5	0
408404214	5	5	0
408193834	13	9	4
407904256	5	5	0
407810011	7	6	1
407520076	11	8	3
406776426	4	4	0
406495602	8	6	2
406149093	5	5	0
406137366	5	5	0
405920510	8	6	2
405828351	4	4	0
405553535	1	1	0
405253759	13	9	4
405090527	5	5	0
404471430	5	5	0
404439988	42	18	24
404296123	1	1	0
404243242	5	5	0
404129348	5	5	0
404079470	6	5	1
403513776	9	7	2
403403458	6	5	1
403321473	5	5	0
402882199	19	10	9
402134180	5	5	0
401352669	5	5	0
401054118	12	8	4
400989122	7	6	1
400633906	7	6	1
400476880	4	4	0
400416369	24	10	14
400083296	1	1	0
399849349	5	5	0
399832929	4	3	1
399708979	5	5	0
399598797	14	8	6
399375958	8	6	2
399264545	12	9	3
399228897	4	4	0
399128339	17	9	8
398941795	5	5	0
398802784	28	13	15
398460645	9	6	3
398282209	12	9	3
397866118	16	7	9
397821810	3	2	1
397772589	4	4	0
397652619	5	5	0
397499177	20	12	8
397156426	5	5	0
397099108	14	9	5
396981112	46	21	25
396358983	18	9	9
396188314	1	1	0
396165579	10	8	2
396000532	13	7	6
395460748	2	2	0
395182734	2	2	0
395091449	14	10	4
394768051	11	7	4
394616889	2	2	0
394262444	4	3	1
393914343	5	5	0
393533043	4	4	0
393453214	13	5	8
393076975	5	5	0
392758391	9	6	3
392602952	1	1	0
392226635	5	5	0
392007062	4	4	0
391840806	5	5	0
391787146	8	5	3
391438178	5	5	0
391323993	23	13	10
391083179	1	1	0
390967854	4	4	0
390591693	6	5	1
390573289	12	7	5
390427794	9	4	5
390419674	12	8	4
390065375	47	19	28
389933848	1	1	0
389663140	9	6	3
389646655	1	1	0
389389365	2	2	0
388884893	5	5	0
388852590	2	2	0
388817835	5	5	0
388787231	13	8	5
387866051	4	3	1
387254112	5	5	0
387215661	2	2	0
386098036	9	7	2
385991878	8	6	2
385842322	10	5	5
385766994	11	6	5
385206497	14	9	5
384853541	11	4	7
384753450	5	5	0
384553360	5	5	0
384054257	5	5	0
383325480	5	5	0
383306059	14	9	5
383127236	5	5	0
382958415	7	6	1
382874075	17	10	7
382793134	4	4	0
382729414	41	14	27
382696971	12	8	4
382473625	5	5	0
382445826	5	5	0
382383687	8	6	2
382237928	8	6	2
382119555	4	4	0
381784704	2	2	0
381649810	12	9	3
381463186	5	5	0
381355139	4	4	0
380835091	9	7	2
380700505	2	2	0
380681865	8	5	3
380458690	5	5	0
380164916	10	6	4
379703183	5	5	0
379520537	5	5	0
379372280	85	37	48
379358361	4	4	0
378887980	4	4	0
378877879	7	6	1
378796401	11	7	4
378702582	5	5	0
378584885	10	7	3
378519881	13	8	5
378309819	8	6	2
377849695	5	5	0
377584071	10	8	2
376871674	4	4	0
376704596	9	7	2
376646771	19	11	8
376532826	5	5	0
376449881	2	2	0
376287566	5	5	0
376066382	7	6	1
376049148	9	6	3
376048395	5	5	0
375979269	5	5	0
375970092	5	5	0
375834227	4	4	0
375273111	5	3	2
374924562	1	1	0
374150167	5	5	0
374047429	10	7	3
374018896	13	8	5
373716188	5	5	0
373683584	5	5	0
373576969	1	1	0
373048470	27	12	15
373018122	5	5	0
372826356	4	4	0
372654202	12	8	4
372649262	5	5	0
372459843	15	10	5
372344886	14	8	6
372268139	10	7	3
372256077	9	7	2
372219544	13	6	7
372177676	5	5	0
372106694	5	5	0
372104765	19	11	8
371767513	7	6	1
371730061	1	1	0
371294198	4	4	0
370950356	5	5	0
370589176	5	5	0
370467756	15	9	6
370405407	7	6	1
370219223	2	2	0
369538245	5	5	0
369472752	7	6	1
368375795	4	4	0
368336679	9	7	2
368119031	7	6	1
367848099	9	5	4
367782524	13	7	6
367759246	4	2	2
367598216	5	5	0
367479431	8	6	2
367013889	7	6	1
366987672	62	24	38
366977662	11	8	3
366884496	5	5	0
366788081	1	1	0
366597196	2	2	0
366590467	7	6	1
366290515	5	5	0
366270704	5	5	0
366228961	12	7	5
366028187	11	8	3
365573051	5	5	0
365534889	5	5	0
365226129	7	6	1
364908696	5	5	0
364739246	37	16	21
364365485	2	2	0
364322157	4	4	0
364096957	5	5	0
363912642	25	11	14
363785350	2	2	0
363591630	4	4	0
363507401	5	5	0
363501973	8	5	3
363236916	4	4	0
363188996	1	1	0
363160801	11	7	4
363160745	5	5	0
362900909	5	5	0
362834238	5	5	0
362795250	5	5	0
362055218	2	2	0
362002153	5	5	0
361756202	4	4	0
361691792	5	5	0
361488710	5	5	0
361104044	5	5	0
360865891	2	2	0
360847630	17	10	7
360819236	7	6	1
360748987	5	5	0
360748661	2	2	0
360563176	5	5	0
360550838	5	5	0
360404899	7	6	1
360067460	4	4	0
359731268	4	4	0
359343310	9	6	3
359337210	9	7	2
359336997	7	6	1
359180054	4	4	0
359130529	2	2	0
359039922	9	7	2
358755158	2	2	0
358551901	5	5	0
358436874	10	7	3
358308684	10	7	3
358169909	4	4	0
357682272	22	11	11
357459755	7	4	3
357011440	7	4	3
356688276	3	3	0
356517851	11	6	5
355934060	5	5	0
355482050	11	4	7
355301373	5	5	0
355217659	5	5	0
354540211	10	7	3
354209751	11	8	3
354190355	11	7	4
353970410	4	3	1
353779556	5	5	0
353686535	5	5	0
353447596	9	7	2
353399790	5	5	0
353371409	5	5	0
353336580	7	6	1
353315583	5	5	0
352455699	19	10	9
352419040	28	12	16
352371946	5	5	0
352234491	1	1	0
351863355	5	5	0
351629899	16	9	7
350940670	27	15	12
350789900	5	4	1
350782441	5	5	0
350321982	5	5	0
350176900	22	12	10
349903273	4	4	0
349788855	12	7	5
349639447	18	12	6
114742057	6	3	3
348809745	2	2	0
348734394	5	5	0
348508457	5	5	0
348404290	5	5	0
348388791	4	4	0
347824043	1	1	0
347694568	5	5	0
347440265	13	9	4
347302999	5	5	0
347136627	53	23	30
346562099	7	6	1
346247878	7	4	3
346143374	5	5	0
346045222	4	4	0
346019820	8	6	2
345996385	4	4	0
345955930	1	1	0
345789611	8	6	2
345660395	5	5	0
345498607	28	13	15
345485384	14	5	9
345323578	2	2	0
343403224	4	4	0
343397371	18	11	7
343346868	11	8	3
343218834	2	2	0
343036196	5	5	0
342894015	4	4	0
342660875	5	5	0
342622078	8	6	2
342580698	5	5	0
342194469	4	4	0
342171425	5	5	0
342123958	5	5	0
342101028	8	6	2
341779203	26	12	14
341445462	1	1	0
341406849	5	5	0
341244455	1	1	0
341022840	5	5	0
340713001	5	5	0
340605772	5	5	0
340555423	13	9	4
339201016	7	4	3
339173577	8	6	2
338864861	5	5	0
338826203	7	6	1
338746509	5	5	0
338655320	4	4	0
338451325	16	10	6
338429807	4	4	0
338013661	5	5	0
337576340	5	5	0
337242029	5	5	0
337046225	5	5	0
337038428	10	7	3
337031402	5	5	0
336784195	37	13	24
336726601	5	5	0
336598965	5	5	0
336565044	5	5	0
336099576	2	2	0
336058289	25	13	12
336001167	1	1	0
335947315	7	6	1
335768852	1	1	0
335424609	5	5	0
335332437	5	5	0
335325605	10	7	3
334800879	5	5	0
334080564	10	7	3
334020852	5	5	0
333671146	8	6	2
333656747	5	5	0
333362480	5	5	0
333354129	2	2	0
333348142	5	5	0
333045527	14	9	5
332992380	5	5	0
332693558	5	5	0
331952350	5	5	0
331710039	29	18	11
331612683	4	4	0
331194348	41	18	23
330999625	5	5	0
330976309	4	3	1
330971424	2	2	0
330804215	4	4	0
330610496	5	5	0
330006206	19	10	9
329885860	11	7	4
329843098	5	5	0
329558289	2	2	0
329409201	5	5	0
329406890	5	5	0
329377425	8	6	2
329287667	12	8	4
328975131	10	6	4
328591156	9	7	2
328260039	5	5	0
328249089	7	6	1
328064913	5	5	0
327937019	5	5	0
327746065	20	10	10
327642316	16	9	7
327635264	13	8	5
327252292	5	5	0
327011341	2	2	0
327002884	7	4	3
326819281	4	4	0
326738076	5	5	0
326517385	8	6	2
326447160	7	6	1
326384045	31	11	20
325878326	2	2	0
325789777	5	5	0
325636802	11	6	5
325587977	7	6	1
325320017	24	13	11
325124131	4	4	0
325088416	1	1	0
325081241	2	2	0
324974551	1	1	0
324916979	8	6	2
324849918	10	7	3
324793666	7	6	1
324715704	8	6	2
324676434	5	5	0
324502767	4	4	0
324187628	2	2	0
324046376	11	8	3
323856145	6	5	1
323853097	1	1	0
323708821	7	6	1
323670328	6	4	2
323666578	5	5	0
323215848	10	7	3
323188289	5	5	0
323090382	5	5	0
323005185	5	5	0
322936086	23	9	14
322919896	10	7	3
322638486	12	7	5
322634001	1	1	0
322571388	5	5	0
322561585	7	4	3
322298397	4	4	0
322236592	1	1	0
321777997	7	4	3
321729769	4	4	0
321620229	18	11	7
321454066	2	2	0
321431293	7	6	1
321403206	7	4	3
321381771	5	5	0
321277422	5	5	0
321252004	11	8	3
320957130	5	5	0
320733939	2	2	0
320728597	5	5	0
320411687	5	5	0
320157265	7	6	1
319962047	4	4	0
319917427	5	5	0
319912806	33	18	15
319857217	5	5	0
319740061	6	4	2
319702871	15	9	6
319636176	4	4	0
319614178	11	8	3
319230248	2	2	0
319024841	5	5	0
318642594	5	5	0
318210036	5	5	0
317979671	11	8	3
317615745	5	5	0
317593362	8	5	3
317277957	19	8	11
317158660	1	1	0
317052723	5	3	2
316714390	22	14	8
316377127	5	5	0
316310330	3	2	1
316293781	1	1	0
316256035	5	5	0
316223434	7	6	1
316212743	8	6	2
316081554	5	5	0
315623246	2	2	0
315561369	5	5	0
315489650	4	4	0
315382001	5	5	0
314982102	4	4	0
314805363	53	21	32
314668238	4	4	0
314373322	5	5	0
314210248	9	6	3
314051408	16	8	8
313951080	7	5	2
313895617	5	5	0
313830530	2	2	0
313581241	9	6	3
313314620	5	5	0
313179595	5	5	0
312788127	5	5	0
312522366	29	15	14
312334789	4	4	0
312283471	5	5	0
312275010	9	6	3
312088586	4	4	0
311793386	7	5	2
311441950	6	5	1
311417856	7	6	1
311352947	4	4	0
311242775	5	5	0
310987435	5	5	0
310732987	11	6	5
310553970	10	7	3
310532669	5	5	0
310297434	4	3	1
310246864	5	5	0
310014185	5	5	0
309938534	5	5	0
309840208	9	7	2
309756697	7	6	1
309659075	19	10	9
309492923	5	5	0
309233077	9	7	2
309041140	5	5	0
308783268	16	10	6
308298232	4	4	0
308205173	5	5	0
308079019	5	5	0
307809746	10	7	3
307587949	7	5	2
307467543	10	5	5
307220496	5	5	0
307130288	5	5	0
307056243	6	4	2
306856343	5	5	0
306588287	5	5	0
306560619	5	5	0
306372850	4	4	0
306036032	52	26	26
306014728	9	7	2
305839967	5	5	0
305627407	1	1	0
305600232	5	5	0
305598179	14	10	4
305532968	4	4	0
305449947	12	9	3
305093594	5	3	2
304708825	2	2	0
304629572	12	6	6
304578465	5	5	0
304485706	5	5	0
304365229	34	18	16
304347798	5	5	0
304313662	5	5	0
304104504	16	10	6
303973604	2	2	0
303840257	6	4	2
303829551	5	5	0
303658147	1	1	0
303459624	2	2	0
303312564	5	5	0
303227218	4	4	0
303187613	10	5	5
302847624	23	13	10
302801577	5	5	0
302770972	10	7	3
302641921	8	6	2
302455920	5	5	0
302428123	7	6	1
302324463	21	12	9
302236808	5	5	0
302219184	5	5	0
302168230	15	7	8
302162544	15	9	6
302109539	2	2	0
301927071	5	5	0
301853795	2	2	0
301581093	5	5	0
301419024	8	6	2
301353133	2	2	0
301233261	5	5	0
301187697	8	6	2
301099459	7	6	1
300715818	7	6	1
300478411	2	2	0
300272258	5	5	0
300140534	7	6	1
299984300	12	6	6
299937269	5	5	0
299756168	5	5	0
299667000	5	5	0
299642030	11	6	5
299517044	2	2	0
299362062	5	5	0
299192811	2	2	0
298753037	2	2	0
298720502	25	13	12
298673737	9	7	2
298518011	9	7	2
298265730	5	5	0
297872807	21	12	9
297842407	14	8	6
297743499	13	8	5
297673464	19	8	11
297356798	8	6	2
297114023	7	6	1
296912879	13	9	4
296879089	5	5	0
296390514	5	5	0
296083207	7	6	1
295909719	2	2	0
295807780	16	8	8
295644099	2	2	0
295399258	4	4	0
295272586	14	4	10
295271190	15	10	5
295211964	10	7	3
295137021	2	2	0
295061433	2	2	0
295051445	5	5	0
294923056	4	4	0
294846469	5	4	1
294797138	5	5	0
294781660	5	5	0
294724771	5	5	0
294652275	5	5	0
294614260	5	5	0
294583328	5	5	0
294558671	12	7	5
294310824	5	5	0
294292490	13	9	4
293858832	5	5	0
293501791	20	11	9
293371176	5	5	0
292856324	4	4	0
292793262	8	6	2
292428514	5	5	0
292409373	4	4	0
292398157	6	3	3
292320655	4	4	0
292258633	7	6	1
292068435	2	2	0
291963274	12	8	4
291942296	3	3	0
291611533	5	5	0
291325827	5	5	0
291225843	2	2	0
291214528	6	5	1
291187570	2	2	0
291129196	11	6	5
290770684	4	4	0
290743028	7	6	1
290733572	9	7	2
290596752	4	4	0
290152862	5	5	0
290082175	5	5	0
289962148	1	1	0
289835980	31	19	12
289795150	2	2	0
289659549	2	2	0
289626232	5	5	0
289568876	6	5	1
289419515	10	6	4
289305859	4	4	0
289106018	4	4	0
288750995	9	6	3
288632666	5	5	0
288601187	14	8	6
288472015	10	6	4
288450810	5	5	0
288438803	8	6	2
288156556	2	2	0
288103136	9	7	2
287935209	1	1	0
287818978	25	15	10
287646089	5	5	0
287614881	5	5	0
287609555	5	5	0
287355182	10	7	3
286996738	8	6	2
286563661	12	6	6
286491003	2	2	0
286284321	11	7	4
286271170	4	4	0
286265568	2	2	0
286201567	4	4	0
286082802	10	5	5
286073663	8	5	3
285912308	20	7	13
285786736	7	5	2
285605080	2	2	0
285503479	5	5	0
285176236	8	6	2
285064548	5	5	0
285047360	5	5	0
285006036	5	5	0
284943737	22	12	10
284925646	23	11	12
284704069	26	15	11
284542981	5	5	0
284512540	2	2	0
284481557	5	5	0
284424188	7	6	1
284323743	4	3	1
284123414	1	1	0
283912215	4	4	0
283603723	5	5	0
283482045	7	6	1
283295032	9	6	3
282984944	5	5	0
282790895	4	4	0
282446454	6	5	1
282345887	5	5	0
281952661	1	1	0
281921544	7	6	1
281504682	7	6	1
281154585	5	5	0
280735828	1	1	0
280733121	5	5	0
280621076	5	5	0
280566379	6	5	1
280421256	5	5	0
280347749	9	6	3
280336920	23	14	9
280225877	2	2	0
280209315	4	4	0
279748173	5	5	0
279718230	2	2	0
279578927	11	8	3
279489741	5	5	0
279421132	11	7	4
279284716	29	14	15
279128890	7	6	1
279076378	4	4	0
278703967	5	5	0
278638989	4	4	0
278522976	22	13	9
278380674	14	8	6
278262819	2	2	0
278097180	15	9	6
278073719	5	5	0
278010132	5	5	0
277909753	9	7	2
277726667	11	8	3
277711247	12	7	5
277451209	8	4	4
276823958	5	5	0
276680793	8	6	2
276665812	2	2	0
276623235	5	5	0
276301600	7	6	1
276236952	8	6	2
276018686	11	7	4
275951736	7	6	1
275759771	4	4	0
275687917	21	12	9
275641219	20	11	9
275444132	9	5	4
275258846	5	5	0
275040228	5	5	0
275002818	4	4	0
274880425	9	6	3
274865236	10	7	3
274517968	11	8	3
274327176	5	5	0
274229027	2	2	0
274096542	9	7	2
274086224	5	3	2
274026854	5	5	0
274011727	5	5	0
273933387	9	7	2
273892796	17	9	8
273769085	5	5	0
273614266	5	5	0
273467404	2	2	0
273379040	5	5	0
273269586	2	2	0
273269166	18	12	6
273228644	9	6	3
273224148	16	9	7
273100447	2	2	0
273093557	6	5	1
273070082	2	2	0
272958060	9	7	2
272927358	7	6	1
272917942	4	4	0
272872676	5	5	0
272688640	5	5	0
272548921	4	4	0
272493194	1	1	0
272100204	5	5	0
271809698	10	7	3
271763488	18	9	9
271647247	5	5	0
271568114	10	6	4
271565970	5	5	0
271467886	5	5	0
271306269	18	10	8
271221235	4	4	0
271220266	5	5	0
271149282	5	5	0
270673068	38	19	19
270510128	6	5	1
270129543	8	6	2
270020126	2	2	0
269812451	1	1	0
269756141	5	5	0
269747585	2	2	0
269738774	4	4	0
269735915	7	5	2
269712347	5	3	2
269631044	7	6	1
269589474	5	5	0
269587521	6	4	2
269557875	5	5	0
269488932	5	5	0
269477052	7	6	1
269357808	1	1	0
269226579	4	4	0
269099846	5	5	0
269088652	11	8	3
269031326	17	8	9
268998831	5	5	0
268932846	7	6	1
268727793	8	6	2
268486198	5	5	0
268475926	5	5	0
268308422	8	6	2
268002550	4	4	0
267991952	5	5	0
267975395	4	4	0
267864268	1	1	0
267747458	1	1	0
267745731	9	6	3
267657348	1	1	0
267487261	16	7	9
267310427	12	6	6
267307177	4	3	1
267273497	4	4	0
267251229	16	8	8
267218749	7	6	1
267188982	1	1	0
267158898	4	4	0
267080712	4	4	0
266926770	4	4	0
266868195	5	5	0
266866807	10	6	4
266652680	5	5	0
266617237	5	5	0
266596767	5	5	0
266471879	8	6	2
266430460	1	1	0
265952694	5	5	0
265717000	8	6	2
265636801	5	5	0
265353899	5	3	2
265245767	5	5	0
265101247	20	11	9
264935103	5	5	0
264846275	11	7	4
264842208	5	5	0
264673719	8	5	3
264651811	8	6	2
264648628	7	4	3
264482675	11	8	3
263790158	9	7	2
263703258	3	3	0
263532685	2	2	0
263447507	2	2	0
263408044	9	7	2
263401659	4	4	0
263288514	10	7	3
263156193	5	5	0
263056972	1	1	0
262956487	2	2	0
262836421	5	5	0
262563925	5	5	0
262550309	4	4	0
262333201	16	9	7
262293173	7	5	2
262279073	2	2	0
262221990	4	4	0
262209599	9	7	2
262038648	5	5	0
262001140	5	5	0
261948160	2	2	0
261756965	4	4	0
261711615	5	5	0
261557434	6	5	1
261346769	9	7	2
261244042	5	5	0
261181725	4	4	0
261048922	6	5	1
260913491	2	2	0
260765915	8	6	2
260350800	5	5	0
260289340	10	7	3
260234000	11	7	4
259955720	4	4	0
259623032	5	5	0
259519158	2	2	0
259477937	2	2	0
259394814	4	4	0
259386707	2	2	0
259264994	5	5	0
259255799	6	4	2
259094305	6	5	1
258974084	7	6	1
258925218	7	6	1
258922741	37	14	23
258837851	2	2	0
258714291	12	7	5
258663461	7	5	2
258640294	10	8	2
258618281	5	5	0
258571170	3	3	0
258475375	12	8	4
258466864	10	7	3
258382225	1	1	0
258337164	19	9	10
258257602	4	4	0
258217397	16	10	6
258072333	7	5	2
257894435	9	7	2
257391263	7	5	2
257369840	2	2	0
257369629	2	2	0
257306664	4	4	0
257075082	5	5	0
257046734	4	4	0
256963039	5	5	0
256876051	2	2	0
256871971	5	5	0
256865704	23	12	11
256628535	4	4	0
256574370	5	5	0
256371224	2	2	0
256366859	11	8	3
256359031	11	8	3
256008675	9	5	4
255794800	14	6	8
255642488	5	5	0
255631328	7	6	1
255596048	4	4	0
255590709	5	5	0
255589286	5	5	0
255474388	4	4	0
255302474	2	2	0
255183719	5	5	0
255014591	7	6	1
254568987	5	5	0
254560775	5	3	2
254401919	5	5	0
254175742	14	8	6
254171588	2	2	0
254088537	17	9	8
254012193	6	5	1
253872333	5	5	0
253742330	5	3	2
253608244	8	4	4
253568273	9	7	2
253503503	4	4	0
253324460	2	2	0
253100565	7	5	2
253099803	5	5	0
253086718	9	4	5
252674851	2	2	0
252575187	4	3	1
252569527	2	2	0
252376032	7	6	1
252359766	14	8	6
252288226	21	10	11
252190887	5	5	0
252150131	17	10	7
251946438	5	5	0
251728451	5	5	0
251603179	2	2	0
251556174	1	1	0
251545134	9	7	2
251205064	4	4	0
251131230	6	5	1
250792006	13	8	5
250588574	10	8	2
250583938	12	6	6
250563222	5	5	0
250553792	1	1	0
250511444	2	2	0
250504792	10	7	3
250448068	10	7	3
250424673	12	6	6
250402776	4	4	0
250368578	1	1	0
250294265	4	4	0
250279227	5	5	0
250278510	4	4	0
250238144	5	5	0
250197288	5	5	0
250169639	8	7	1
250081573	5	5	0
249917576	5	5	0
249737358	5	5	0
249710637	2	2	0
249604027	5	5	0
249490983	4	4	0
249412101	5	5	0
249366587	9	7	2
249333678	16	10	6
249289797	18	9	9
249254837	11	8	3
249161176	5	5	0
249089595	4	4	0
248915214	11	8	3
248861133	1	1	0
248754362	5	5	0
248647896	5	5	0
248643109	5	5	0
248490675	9	7	2
248441571	19	10	9
248435611	7	6	1
248169583	3	2	1
247978789	5	5	0
247923741	14	9	5
247909756	5	5	0
247860497	2	2	0
247853156	10	7	3
247763856	44	13	31
247750596	11	8	3
247560766	2	2	0
247372411	5	5	0
247298547	5	5	0
247287243	29	12	17
247283655	7	6	1
247098164	7	6	1
246867922	5	5	0
246777326	15	10	5
246655836	5	5	0
246607639	4	4	0
246551129	4	4	0
246510504	5	5	0
246226371	1	1	0
245951742	7	6	1
245891210	5	3	2
245878218	5	5	0
245797486	11	8	3
245758116	11	8	3
245666483	5	5	0
245473593	10	5	5
245471192	4	4	0
245254162	19	10	9
245164135	12	9	3
245119428	5	5	0
245056798	4	4	0
244887184	4	4	0
244867283	9	7	2
244803268	5	5	0
244661125	19	11	8
244633911	15	8	7
244472492	13	8	5
244196474	7	5	2
243839057	6	5	1
243316065	4	4	0
243304850	4	4	0
243260366	10	7	3
243218542	1	1	0
242972949	5	5	0
242614770	4	4	0
242604180	20	12	8
242290055	3	2	1
242005965	4	4	0
241975006	13	7	6
241809913	1	1	0
241736752	8	6	2
241622061	5	5	0
241621646	5	5	0
241554222	3	3	0
241348585	11	9	2
241227296	21	10	11
241025692	5	5	0
240731347	2	2	0
240670384	5	5	0
240645798	5	5	0
240454401	10	6	4
240378881	4	4	0
240339383	5	5	0
240335733	5	5	0
240317071	5	5	0
240289870	9	7	2
240205724	5	5	0
240148062	5	5	0
240118149	8	6	2
240100811	4	4	0
240063989	20	12	8
240020120	5	5	0
239936130	7	6	1
239842495	4	4	0
239834274	4	4	0
239833450	5	5	0
239678622	2	2	0
239650013	21	11	10
239617844	5	5	0
239470082	5	5	0
239440575	6	5	1
239384881	5	5	0
239268232	12	9	3
239242637	15	8	7
239148434	6	4	2
239082034	8	6	2
238962909	13	7	6
238705758	2	2	0
238674678	11	5	6
238454223	11	8	3
238431877	5	5	0
238365248	5	5	0
238256004	30	16	14
238243979	2	2	0
238241465	6	5	1
238069211	1	1	0
238061465	5	5	0
237982114	10	6	4
237919056	16	9	7
237917457	4	4	0
237840036	5	5	0
237807898	5	3	2
237766500	9	7	2
237699885	5	5	0
237649862	12	8	4
237551337	9	7	2
237500890	2	2	0
237361987	2	2	0
237289501	24	12	12
237274470	7	6	1
237210411	5	5	0
237026628	5	5	0
236947933	2	2	0
236933548	1	1	0
236915409	9	7	2
236912965	18	12	6
236894693	2	2	0
236828374	9	6	3
236828089	14	9	5
236825182	1	1	0
236746453	5	5	0
236693347	1	1	0
236665410	1	1	0
236654539	4	4	0
236542784	5	5	0
236047695	9	4	5
235990072	18	11	7
235779288	9	7	2
235448466	2	2	0
235429470	5	5	0
235379055	5	5	0
235358984	16	10	6
235264116	2	2	0
235198248	5	5	0
235169225	5	5	0
234830450	19	11	8
234765263	10	7	3
234749259	12	8	4
234720216	3	3	0
234589598	10	6	4
234587956	10	7	3
234402070	5	5	0
234304844	5	5	0
234302629	8	6	2
234294027	4	4	0
234281907	11	7	4
234176382	5	5	0
234121353	9	6	3
234069711	13	9	4
234046768	2	2	0
234027073	9	7	2
233971600	5	5	0
233970092	5	5	0
233869677	11	7	4
233731030	5	5	0
233572197	10	7	3
233556126	14	9	5
233517953	5	5	0
233445402	5	5	0
233431602	10	4	6
233395000	5	5	0
233384593	5	5	0
233335582	1	1	0
233286712	5	5	0
233250253	9	6	3
233190121	5	5	0
233152471	1	1	0
233137547	2	2	0
233119954	5	5	0
233116003	1	1	0
233096595	5	5	0
233036631	4	4	0
233031105	12	8	4
232931146	13	8	5
232884737	16	10	6
232872103	11	8	3
232800891	4	4	0
232798626	5	5	0
232713916	5	5	0
232707233	12	7	5
232345512	1	1	0
232167841	7	6	1
231974164	9	7	2
231910385	5	5	0
231714733	4	4	0
231646526	5	5	0
231587539	6	5	1
231569782	10	7	3
231499377	12	8	4
231466841	7	6	1
231425524	1	1	0
231331136	5	5	0
231318841	5	5	0
231293653	1	1	0
231231323	5	5	0
231200740	2	2	0
231071793	4	4	0
230683760	5	5	0
230591223	12	6	6
230573178	5	5	0
230552387	5	5	0
230421776	10	7	3
230321705	4	4	0
230136664	1	1	0
229916570	5	5	0
229792710	5	5	0
229789786	7	6	1
229763316	7	6	1
229724298	5	5	0
229691365	5	5	0
229596232	3	3	0
229583711	15	10	5
229534961	7	6	1
229286461	9	7	2
229102810	5	5	0
229094541	5	5	0
229053529	19	10	9
228999645	7	6	1
228871623	19	9	10
228864854	10	7	3
228863342	5	5	0
228793122	22	13	9
228746958	1	1	0
228644055	5	5	0
228614743	10	5	5
228561505	9	7	2
228471825	5	5	0
228283186	5	5	0
228241762	5	5	0
228127761	5	5	0
228125524	5	5	0
228088119	8	6	2
228040123	8	6	2
228037601	5	5	0
228030874	4	4	0
227996526	4	3	1
227937336	20	9	11
227922849	7	5	2
227792679	5	5	0
227679294	5	5	0
227655324	5	5	0
227654955	5	5	0
227643878	5	5	0
227470396	9	7	2
227314568	7	6	1
227310160	4	4	0
227290720	26	17	9
227162090	13	8	5
227085590	5	5	0
227079283	4	4	0
227054038	4	4	0
227024973	4	3	1
227017483	10	7	3
226808927	1	1	0
226739029	5	5	0
226721154	2	2	0
226538598	4	4	0
226339290	5	5	0
226246835	4	4	0
226232211	8	6	2
226048216	7	6	1
226006090	4	4	0
225993958	5	5	0
225993565	9	7	2
225941987	5	5	0
225919260	5	5	0
225896580	17	8	9
225726720	5	5	0
225575866	10	7	3
225539846	7	6	1
225492905	7	6	1
225484261	10	7	3
225445164	5	5	0
225398725	9	7	2
225376741	5	5	0
225348954	6	5	1
225269979	9	7	2
225061540	5	5	0
225042595	4	4	0
224989247	8	6	2
224973274	5	5	0
224829531	5	5	0
224786725	5	5	0
224754326	5	5	0
224749326	8	6	2
224735634	9	7	2
224600939	5	5	0
224531902	25	12	13
224528573	5	5	0
224370089	14	8	6
224354162	6	5	1
224335657	13	6	7
224286385	5	5	0
224273389	5	5	0
224253870	14	7	7
224234046	5	5	0
224230212	11	8	3
224186040	5	5	0
224177688	6	5	1
224135978	9	7	2
224022075	12	8	4
224007659	9	5	4
224007065	27	12	15
223962623	2	2	0
223904089	5	5	0
223866451	5	5	0
223854303	15	10	5
223847772	2	2	0
223800206	7	6	1
223722685	5	5	0
223709512	6	4	2
223700932	5	5	0
223679771	6	5	1
223640880	4	4	0
223626365	17	9	8
223468926	2	2	0
223425454	5	5	0
223380647	5	5	0
223272468	5	5	0
223250761	6	4	2
223189150	7	6	1
223188915	7	6	1
223129198	18	10	8
223095621	11	7	4
223029147	9	7	2
222884290	11	7	4
222720740	5	5	0
222664250	5	5	0
222624431	4	4	0
222503913	2	2	0
222351867	5	5	0
222220361	11	8	3
222165722	12	8	4
222148192	5	5	0
222102365	7	6	1
221996044	4	4	0
221961184	5	5	0
221930886	5	5	0
221775819	14	9	5
221749658	5	5	0
221681068	7	6	1
221605138	12	7	5
221598724	8	7	1
221580258	1	1	0
221546223	2	2	0
221480447	11	7	4
221209987	13	8	5
221148427	5	5	0
221124176	4	4	0
220827176	4	4	0
220815772	7	6	1
220665788	4	4	0
220590876	5	5	0
220496092	1	1	0
220450310	4	4	0
220433322	5	5	0
220429088	4	4	0
220382332	2	2	0
220293912	4	4	0
220284523	5	5	0
220203323	4	4	0
220200080	5	5	0
220094730	4	4	0
220092329	15	10	5
220069212	1	1	0
220068171	7	6	1
220021293	4	4	0
219743942	4	4	0
219712475	5	5	0
219679752	25	12	13
219601345	4	3	1
219480213	4	4	0
219337160	1	1	0
219178408	6	4	2
219165007	5	5	0
219074752	5	5	0
218974511	7	6	1
218951125	5	5	0
218731600	5	5	0
218642967	2	2	0
218493829	5	5	0
218413149	1	1	0
218314174	5	5	0
218230828	10	7	3
218200077	15	10	5
218077332	5	5	0
217875363	10	7	3
217717451	4	4	0
217619983	14	8	6
217617079	12	9	3
217518444	5	3	2
217338913	5	5	0
217258936	9	7	2
217092006	11	6	5
217087853	4	4	0
217036439	5	3	2
217007321	5	5	0
216848013	15	9	6
216804034	5	4	1
216785923	13	7	6
216556941	5	5	0
216540369	5	3	2
216503409	8	6	2
216432710	20	10	10
216420387	5	5	0
216416963	26	12	14
216365126	4	4	0
216221581	5	5	0
216052993	5	5	0
216022832	8	6	2
215947587	4	4	0
215938850	2	2	0
215877796	1	1	0
215845148	17	7	10
215759636	26	13	13
215716452	5	5	0
215707856	4	4	0
215514624	7	5	2
215488834	1	1	0
215368434	2	2	0
215298185	5	5	0
215297973	2	2	0
215271219	5	5	0
215183060	19	11	8
215112957	5	5	0
215038036	5	5	0
214987403	15	10	5
214903241	1	1	0
214681989	4	4	0
214660320	5	5	0
214585580	4	4	0
214517589	5	5	0
214472017	12	8	4
214379834	5	5	0
214299183	1	1	0
213947145	15	10	5
213892496	12	8	4
213802280	10	7	3
213783168	20	13	7
213685928	1	1	0
213674428	12	8	4
213581328	2	2	0
213566432	4	4	0
213475159	2	2	0
213458843	2	2	0
213397291	6	5	1
213384037	5	5	0
212775788	2	2	0
212759699	5	5	0
212598585	2	2	0
212564886	5	5	0
212520678	5	5	0
212379132	1	1	0
212352811	5	5	0
212341419	7	6	1
212309960	13	8	5
212288090	5	5	0
212258673	4	4	0
212146397	6	3	3
212077419	5	5	0
212047081	4	4	0
212038420	16	11	5
211970901	11	7	4
211840254	5	5	0
211839083	5	5	0
211776693	5	5	0
211760325	8	4	4
211700013	1	1	0
211675395	5	5	0
211673337	4	4	0
211587615	5	5	0
211448517	13	8	5
211427331	3	3	0
211409415	5	5	0
211288084	2	2	0
211134043	5	5	0
211069716	5	5	0
210991399	4	4	0
210960463	2	2	0
210798929	5	5	0
210693280	14	9	5
210393395	5	5	0
210358675	5	5	0
210153143	7	6	1
210112860	6	2	4
210111978	5	5	0
210019798	7	6	1
209770764	11	7	4
209767777	8	6	2
209655208	9	7	2
209582438	9	7	2
209420132	11	5	6
209346978	5	5	0
209345497	7	6	1
209154721	5	5	0
209133082	5	5	0
208903873	10	7	3
208584209	9	7	2
208559087	22	11	11
208537032	2	2	0
208468453	5	5	0
208466516	1	1	0
208377589	4	4	0
208356144	10	5	5
208152886	9	7	2
208102605	9	7	2
208040475	14	8	6
207924022	28	14	14
207893379	5	5	0
207864538	5	5	0
207778798	2	2	0
207714009	5	5	0
207535352	7	6	1
207526298	12	8	4
207347980	4	3	1
207342015	5	5	0
207322315	5	5	0
207048547	2	2	0
206993998	1	1	0
206991592	11	7	4
206981410	5	5	0
206932495	10	7	3
206767516	5	5	0
206701559	1	1	0
206690251	5	5	0
206626294	2	2	0
206583170	4	3	1
206520260	5	5	0
206488744	12	8	4
206473924	6	4	2
206382442	7	4	3
206321270	5	5	0
206294676	5	5	0
206093114	4	4	0
206082485	4	4	0
206071348	2	2	0
205932109	9	7	2
205931988	5	5	0
205781282	2	2	0
205705885	2	2	0
205587848	10	6	4
205576756	8	6	2
205458088	10	7	3
205421853	13	8	5
205348747	5	5	0
205308860	8	7	1
205251660	4	3	1
205222681	5	5	0
205209578	5	5	0
204931366	8	6	2
204869868	10	7	3
204857139	22	10	12
204836468	1	1	0
204815334	4	4	0
204815084	5	5	0
204759076	6	5	1
204694338	5	5	0
204606500	8	6	2
204446752	5	5	0
204438811	9	6	3
204431476	9	7	2
204408589	5	5	0
204380793	11	8	3
204372821	5	5	0
204350963	5	5	0
204255247	5	5	0
204206636	1	1	0
204042847	4	4	0
204012956	5	5	0
203974757	5	5	0
203959174	9	7	2
203868007	16	8	8
203815807	12	8	4
203762077	12	8	4
203750610	4	4	0
203677804	4	4	0
203541897	2	2	0
203538014	5	5	0
203511656	5	5	0
203421712	17	9	8
203408041	1	1	0
203373320	13	8	5
203277021	5	5	0
203208788	11	7	4
203198666	13	8	5
203176779	4	4	0
203170094	2	2	0
203040640	13	9	4
202975123	5	5	0
202654541	4	4	0
202606688	8	5	3
202579180	6	5	1
202466467	5	5	0
202283160	13	8	5
202272285	4	4	0
202191289	5	5	0
202108114	9	5	4
202080181	1	1	0
202057630	5	5	0
202024591	12	8	4
202015383	8	6	2
201937720	1	1	0
201834746	4	4	0
201804048	22	7	15
201802729	4	4	0
201676495	6	5	1
201614291	4	4	0
201569163	14	8	6
201537326	5	5	0
201492378	31	19	12
201479749	7	6	1
201473861	9	7	2
201275204	6	5	1
201215388	12	8	4
201154596	5	5	0
200969097	1	1	0
200857606	5	5	0
200551632	5	5	0
200434157	5	5	0
200413179	5	5	0
200380532	7	6	1
200372680	5	5	0
200226441	5	5	0
200200852	24	12	12
200128737	9	7	2
200111976	5	5	0
200109703	5	5	0
200002575	22	13	9
199974718	1	1	0
199973974	4	4	0
199894656	7	6	1
199838460	2	2	0
199728438	1	1	0
199644852	1	1	0
199566040	5	5	0
199537918	6	5	1
199487932	14	10	4
199471751	5	5	0
199441507	4	4	0
199229546	7	6	1
199152334	5	5	0
199095357	5	5	0
199013028	19	10	9
198705608	5	5	0
198690128	5	5	0
198662585	10	7	3
198648817	9	6	3
198562713	5	5	0
198562064	16	8	8
198553118	4	2	2
198453323	20	11	9
198446764	15	8	7
198422813	5	5	0
198406257	11	8	3
198344647	5	5	0
198330287	9	6	3
198249920	8	6	2
198249920	8	6	2
198237523	5	4	1
198234627	5	5	0
198229340	10	7	3
198205833	8	5	3
198198810	6	5	1
198109065	5	5	0
198102272	4	4	0
197750163	5	5	0
197700071	17	12	5
197599949	4	4	0
197524246	10	7	3
197405161	5	5	0
197402633	5	5	0
197351343	5	5	0
197266480	12	8	4
197183723	7	5	2
197176569	7	6	1
197132224	8	6	2
196797804	1	1	0
196766997	5	5	0
196645745	4	3	1
196643953	5	5	0
196609870	4	4	0
196580300	4	4	0
196513674	5	5	0
196507323	12	7	5
196505940	2	2	0
196461695	7	6	1
196296983	2	2	0
196251550	10	7	3
196188357	5	5	0
195939844	2	2	0
195922570	5	5	0
195917050	9	7	2
195905439	5	5	0
195893811	11	7	4
195821696	5	5	0
195511166	5	5	0
195447222	5	5	0
195433466	1	1	0
195403632	5	5	0
195246992	1	1	0
195244557	2	2	0
195214517	6	3	3
195204746	1	1	0
195197224	15	9	6
195152361	5	5	0
195032656	1	1	0
194962909	4	4	0
194933041	4	4	0
194908584	8	6	2
194882222	2	2	0
194864007	4	4	0
194805400	1	1	0
194784545	5	5	0
194768034	28	11	17
194654442	2	2	0
194594805	5	5	0
194584754	2	2	0
194532686	13	9	4
194471273	5	4	1
194443608	2	2	0
194300310	5	5	0
194249233	4	4	0
194243558	11	5	6
194210177	5	5	0
194144557	11	6	5
194136654	5	5	0
194119412	5	5	0
194111217	5	5	0
194108313	2	2	0
193925839	4	4	0
193910094	1	1	0
193899547	4	4	0
193879332	5	5	0
193774198	1	1	0
193770943	5	5	0
193334450	12	7	5
193272344	5	5	0
193188385	5	5	0
193176139	16	10	6
193107108	4	4	0
193079119	5	5	0
193070131	9	5	4
192873163	1	1	0
192592811	5	5	0
192391241	15	9	6
192375071	5	5	0
192268393	10	7	3
192245460	5	5	0
192237610	5	5	0
192058563	1	1	0
191932998	2	2	0
191899843	5	5	0
191883255	1	1	0
191850048	3	3	0
191798417	11	8	3
191794750	7	5	2
191773299	7	6	1
191763361	4	4	0
191668285	16	10	6
191580446	5	5	0
191467782	1	1	0
191331870	9	5	4
191192353	24	11	13
191127911	5	5	0
191102381	9	7	2
191022891	2	2	0
190976142	5	5	0
190903891	6	5	1
190852143	1	1	0
190775293	5	5	0
190665649	8	6	2
190653488	8	4	4
190649608	13	6	7
190499254	4	4	0
190433126	9	7	2
190234223	20	11	9
190206932	16	8	8
190075673	12	7	5
189819763	5	5	0
189800919	5	5	0
189353886	2	2	0
189295660	1	1	0
189173901	5	5	0
189130110	5	5	0
188962080	5	5	0
188826116	5	5	0
188718163	5	5	0
188715089	2	2	0
188692221	4	3	1
188649208	5	5	0
188541172	1	1	0
188525971	2	2	0
188458735	2	2	0
188450917	9	7	2
188332111	18	10	8
188307978	1	1	0
188248080	14	8	6
188239680	22	15	7
188235649	5	5	0
188161288	9	7	2
188134700	11	7	4
188083318	2	2	0
188049610	1	1	0
187986890	11	7	4
187979058	5	5	0
187672091	7	6	1
187636874	5	5	0
187421374	2	2	0
187372851	8	6	2
187267231	4	4	0
187214353	11	8	3
187157508	4	4	0
187111003	5	5	0
187052571	9	7	2
187019849	5	5	0
186946342	5	5	0
186900383	5	5	0
186888231	11	8	3
186806330	4	4	0
186755550	7	6	1
186722361	5	5	0
186493218	1	1	0
186467646	1	1	0
186327107	4	4	0
186275362	10	5	5
186143051	2	2	0
186081308	5	5	0
186063494	1	1	0
186005786	22	10	12
185804216	5	5	0
185625785	5	5	0
185608147	7	6	1
185596054	4	3	1
185517453	5	5	0
185401314	5	5	0
185384338	11	8	3
185377440	5	5	0
185303354	20	12	8
185106235	5	5	0
185049336	16	8	8
185007205	13	10	3
184862661	5	5	0
184857204	16	7	9
184813419	5	5	0
184794340	2	2	0
184791023	5	5	0
184737117	15	9	6
184702475	5	5	0
184702174	4	4	0
184697567	4	4	0
184690387	5	5	0
184620764	9	6	3
184604748	16	7	9
184556000	2	2	0
184475600	9	7	2
184466716	9	4	5
184193533	10	7	3
184190412	2	2	0
184178906	5	5	0
184166688	5	5	0
184071164	5	5	0
184043728	9	5	4
183989368	4	4	0
183984039	1	1	0
183983486	22	11	11
183877969	5	5	0
183756431	5	5	0
183675282	5	5	0
183579353	5	5	0
183540815	6	5	1
183438709	5	5	0
183417517	5	5	0
183320860	5	5	0
183309105	5	5	0
183266317	10	7	3
183254493	16	10	6
183203047	1	1	0
183010492	7	6	1
183009130	11	8	3
182917945	5	5	0
182915589	5	5	0
182863747	5	5	0
182802054	5	5	0
182794181	5	5	0
182766059	5	5	0
182615765	2	2	0
182514658	7	6	1
182475373	8	7	1
182473270	5	4	1
182406523	2	2	0
182372261	5	5	0
182360599	5	5	0
182290777	5	5	0
182257078	5	5	0
182202112	1	1	0
182125072	2	2	0
182119323	2	2	0
182048263	2	2	0
182041090	5	5	0
182033439	10	7	3
182032550	15	8	7
182028997	8	6	2
182002720	16	11	5
181932375	5	5	0
181913953	5	4	1
181815313	12	8	4
181806025	16	10	6
181804131	17	10	7
181766125	5	5	0
181696318	7	6	1
181678837	5	5	0
181641629	7	6	1
181584236	5	5	0
181536351	5	5	0
181532393	5	5	0
181525202	2	2	0
181519938	4	4	0
181505165	5	5	0
181488104	5	5	0
181456301	4	4	0
181352240	2	2	0
181329852	4	4	0
181246250	12	6	6
181204735	8	6	2
181118811	2	2	0
181117196	6	5	1
181110701	5	5	0
181108367	5	3	2
181104728	4	4	0
181083416	5	5	0
181021865	5	5	0
181001720	10	6	4
180964739	5	5	0
180899944	8	6	2
180811915	10	7	3
180774724	13	9	4
180704852	12	6	6
180689050	5	5	0
180682201	4	2	2
180598624	5	5	0
180484724	9	6	3
180462716	22	10	12
180441691	5	5	0
180373032	1	1	0
180360775	2	2	0
180332712	5	3	2
180186349	4	4	0
180174464	7	6	1
180160064	11	7	4
180140389	1	1	0
180000718	34	14	20
179954913	5	5	0
179928629	2	2	0
179905375	2	2	0
179816400	5	5	0
179814765	5	5	0
179707919	5	5	0
179629986	5	5	0
179620235	4	4	0
179457549	4	4	0
179417589	5	5	0
179372721	5	5	0
179356442	6	5	1
179354568	5	5	0
179354264	5	5	0
179301576	5	5	0
179294603	4	4	0
179113762	5	5	0
179026125	5	5	0
178845795	6	4	2
178801808	4	3	1
178762269	2	2	0
178685361	11	8	3
178649073	5	5	0
178607246	5	5	0
178564744	4	3	1
178505232	7	6	1
178478649	5	5	0
178464190	19	11	8
178457786	5	5	0
178343130	5	5	0
178300186	8	5	3
178299222	7	6	1
178231205	1	1	0
178206646	10	7	3
178112851	20	11	9
178012692	5	5	0
177974964	4	4	0
177960874	9	5	4
177939842	9	6	3
177856725	1	1	0
177786581	7	6	1
177742209	2	2	0
177681815	13	8	5
177631519	2	2	0
177539526	15	9	6
177499012	5	5	0
177431773	4	4	0
177400233	5	5	0
177323955	4	4	0
177312664	11	5	6
177210097	11	8	3
177176484	5	5	0
177053489	5	5	0
177033203	5	5	0
176774829	3	3	0
176716083	7	6	1
176714696	5	5	0
176630811	3	3	0
176531709	5	5	0
176472634	5	5	0
176469482	9	7	2
176431868	5	5	0
176419463	5	5	0
176378550	8	6	2
176373428	5	5	0
176363891	5	5	0
176358332	9	7	2
176355692	10	6	4
176337946	3	3	0
176288973	6	5	1
176261827	5	5	0
176260623	10	7	3
176252813	12	9	3
176244115	5	5	0
176165695	8	4	4
176115908	5	5	0
176054243	4	4	0
176006130	2	2	0
175930227	4	4	0
175906122	9	5	4
175897417	5	5	0
175881722	14	9	5
175718971	4	4	0
175642253	2	2	0
175640524	2	2	0
175620684	2	2	0
175602247	7	6	1
175598449	2	2	0
175569206	1	1	0
175564082	6	4	2
175547969	4	3	1
175535385	15	8	7
175533906	5	5	0
175360490	10	6	4
175346634	9	5	4
175310932	5	5	0
175280960	4	4	0
175248201	4	4	0
175169553	12	9	3
175145716	4	4	0
175068111	15	7	8
175017016	5	5	0
174993665	5	5	0
174981799	5	5	0
174728238	2	2	0
174722615	2	2	0
174684122	5	5	0
174583788	6	5	1
174498789	11	8	3
174485423	7	5	2
174476587	4	4	0
174470517	6	5	1
174410736	5	5	0
174344306	4	4	0
174301357	6	4	2
174216737	5	5	0
174195486	2	2	0
174103594	4	4	0
174044588	5	5	0
174044398	7	6	1
173973171	5	5	0
173806541	5	5	0
173740158	4	4	0
173695385	2	2	0
173646940	12	8	4
173632931	5	5	0
173595446	2	2	0
173587596	13	8	5
173584270	2	2	0
173465036	5	5	0
173447194	4	4	0
173437833	3	2	1
173350917	1	1	0
173315406	11	6	5
173283500	6	5	1
173280761	12	8	4
173264858	5	5	0
173189180	5	3	2
173160994	5	5	0
173026220	9	7	2
173019289	1	1	0
172967182	5	5	0
172957119	3	3	0
172885706	5	5	0
172829771	5	5	0
172728007	5	5	0
172724515	4	4	0
172706412	24	10	14
172698345	14	8	6
172690872	9	7	2
172617816	5	3	2
172580275	5	5	0
172537200	11	7	4
172524089	2	2	0
172512249	6	4	2
172452763	1	1	0
172394132	5	5	0
172371885	1	1	0
172368474	11	8	3
172354442	4	4	0
172309397	5	5	0
172275025	5	5	0
172149113	4	4	0
172130725	5	5	0
172067954	5	5	0
172002015	10	6	4
171978563	19	10	9
171963575	9	6	3
171832699	9	7	2
171820635	8	6	2
171738747	5	5	0
171714789	18	10	8
171712468	4	4	0
171590094	7	6	1
171506855	9	6	3
171469535	4	4	0
171468206	10	7	3
171430715	4	4	0
171412500	2	2	0
171372531	5	5	0
171331370	12	8	4
171222612	8	6	2
171204527	4	3	1
171048464	5	5	0
171010930	5	5	0
170992162	7	6	1
170975162	7	6	1
170872395	4	4	0
170831912	7	6	1
170801615	5	5	0
170715565	5	5	0
170624273	4	4	0
170607649	5	5	0
170581781	18	11	7
170558054	2	2	0
170539859	11	6	5
170469666	12	8	4
170453549	4	4	0
170373791	11	8	3
170366968	5	5	0
170310118	1	1	0
170171244	5	5	0
170162992	5	5	0
170103551	5	5	0
170042489	7	6	1
169988857	2	2	0
169941911	7	6	1
169720913	5	5	0
169709378	5	5	0
169444691	9	6	3
169311433	4	4	0
169250256	4	3	1
169241151	5	5	0
169231412	5	2	3
169230287	5	5	0
169199939	4	4	0
169143287	8	7	1
169132634	5	5	0
169118056	5	5	0
169056906	1	1	0
169004726	5	5	0
168976714	7	6	1
168956344	4	4	0
168889162	12	7	5
168879500	5	5	0
168786623	8	6	2
168752981	2	2	0
168719710	7	5	2
168636879	5	5	0
168631207	5	5	0
168611748	5	5	0
168573375	6	4	2
168541495	6	5	1
168533672	7	6	1
168527448	7	6	1
168403548	7	5	2
168390302	5	5	0
168370222	7	6	1
168349290	1	1	0
168328603	4	4	0
168316981	13	6	7
168298256	6	5	1
168075524	8	6	2
168042604	5	5	0
168009301	5	5	0
167966970	2	2	0
167905815	19	11	8
167897631	5	5	0
167857368	2	2	0
167790623	4	4	0
167708952	10	7	3
167652286	4	4	0
167651612	4	3	1
167613987	19	12	7
167481412	5	5	0
167410848	2	2	0
167383780	4	4	0
167221837	4	4	0
167218495	1	1	0
167069216	4	4	0
166920595	5	5	0
166827474	7	4	3
166794749	22	12	10
166702750	16	10	6
166677404	5	5	0
166655614	5	5	0
166608591	7	6	1
166583158	5	5	0
166513850	5	5	0
166425705	8	6	2
166387606	5	5	0
166382140	1	1	0
166345903	5	5	0
166249337	10	7	3
166242029	4	4	0
166160743	8	6	2
166131487	5	5	0
166072246	7	6	1
166027066	5	5	0
166018963	4	4	0
165994591	1	1	0
165953490	5	5	0
165812534	14	6	8
165798318	7	6	1
165702723	12	8	4
165694275	5	5	0
165632232	5	3	2
165630215	5	5	0
165622140	10	5	5
165609684	7	6	1
165507418	5	5	0
165502894	13	9	4
165384544	5	5	0
165331530	15	8	7
165312781	10	7	3
165237068	5	5	0
165220098	4	4	0
165147556	5	5	0
165138755	4	4	0
165036734	5	5	0
165023835	4	4	0
165001954	18	11	7
164936800	5	5	0
164886100	12	8	4
164745920	3	2	1
164736193	5	5	0
164675942	2	2	0
164643240	12	10	2
164604487	1	1	0
164573819	5	5	0
164525259	4	4	0
164494716	4	4	0
164494454	40	16	24
164330824	5	5	0
164310257	5	5	0
164284669	7	6	1
164200468	5	5	0
164192726	7	6	1
164136233	5	5	0
164070736	3	3	0
164002830	4	4	0
163993908	5	5	0
163988855	5	5	0
163833698	7	6	1
163833219	5	5	0
163780493	7	6	1
163767918	5	5	0
163743474	5	5	0
163733300	2	2	0
163463202	11	7	4
163431248	2	2	0
163429275	14	8	6
163392156	5	5	0
163335929	2	2	0
163309554	5	5	0
163277119	13	7	6
163196412	13	9	4
163153705	5	5	0
163124374	9	7	2
163039961	16	10	6
163028915	11	8	3
163017454	8	7	1
163009220	4	4	0
162986170	5	5	0
162881860	15	10	5
162873059	5	5	0
162870590	1	1	0
162762352	5	5	0
162752124	4	4	0
162725923	3	3	0
162570064	5	5	0
162561014	9	7	2
162544595	5	5	0
162506000	5	5	0
162392378	10	7	3
162392075	9	4	5
162389775	7	4	3
162384494	5	5	0
162357772	7	6	1
162346689	5	5	0
162328889	12	7	5
162320163	7	6	1
162312223	25	14	11
162309255	5	5	0
162070832	5	5	0
161931375	4	4	0
161745150	18	10	8
161731944	5	5	0
161718808	4	4	0
161616635	15	8	7
161497154	12	7	5
161443229	5	5	0
161329216	5	5	0
161323041	2	2	0
161207928	5	5	0
161191318	2	2	0
161080339	5	5	0
161063133	2	2	0
161036160	5	5	0
160955392	9	6	3
160892001	4	4	0
160860790	5	5	0
160793218	4	4	0
160757001	1	1	0
160741331	1	1	0
160702816	4	4	0
160659010	1	1	0
160630119	3	2	1
160443316	5	5	0
160387501	5	5	0
160324530	13	8	5
160314119	3	3	0
160212733	5	5	0
160111160	10	7	3
160108355	6	5	1
159971879	5	5	0
159969005	2	2	0
159961370	6	5	1
159951569	15	8	7
159881151	5	5	0
159805068	5	5	0
159800163	10	5	5
159789576	5	5	0
159670724	7	6	1
159643761	5	5	0
159512124	4	4	0
159511817	5	5	0
159475803	2	2	0
159442030	2	2	0
159374705	11	8	3
159358226	12	7	5
159058677	5	5	0
159051118	5	5	0
158941664	5	4	1
158904569	5	5	0
158893298	5	5	0
158855750	5	5	0
158793630	4	3	1
158780500	5	5	0
158745733	5	5	0
158437950	5	5	0
158396712	5	5	0
158386861	5	5	0
158335442	5	3	2
158292105	5	5	0
158267405	5	5	0
158200592	8	6	2
158198942	5	5	0
158183847	5	5	0
158134553	8	6	2
158095174	9	5	4
157925722	5	5	0
157921069	7	6	1
157858667	5	5	0
157773927	10	6	4
157741980	4	4	0
157738983	15	8	7
157695896	4	4	0
157680998	12	6	6
157661492	4	4	0
157614990	1	1	0
157575810	5	5	0
157490821	9	7	2
157480699	2	2	0
157424783	4	4	0
157324098	5	5	0
157302512	4	4	0
157299826	10	7	3
157247884	13	7	6
157208107	4	4	0
157170894	2	2	0
157165802	9	7	2
157094123	10	7	3
157071734	5	5	0
157062840	7	6	1
157035384	5	5	0
156930466	2	2	0
156885720	5	5	0
156839542	1	1	0
156809804	5	5	0
156807842	29	15	14
156781955	5	5	0
156729930	7	6	1
156725888	5	5	0
156716554	2	2	0
156631390	7	6	1
156627780	5	5	0
156595459	9	7	2
156583658	9	7	2
156553361	9	7	2
156505901	5	5	0
156465828	4	4	0
156423660	1	1	0
156338978	5	5	0
156333378	5	5	0
156304740	5	5	0
156294202	5	5	0
156293511	5	5	0
156204740	9	7	2
156184984	6	5	1
156072757	5	5	0
155995327	5	5	0
155920095	10	7	3
155886172	5	5	0
155832823	12	8	4
155774659	5	5	0
155773384	9	6	3
155767464	5	5	0
155763346	11	7	4
155664084	2	2	0
155652355	5	5	0
155489848	5	5	0
155302126	5	3	2
155294311	5	5	0
155288103	21	11	10
155273319	2	2	0
155267589	5	5	0
155258347	10	7	3
155258050	4	3	1
155188817	5	4	1
155176237	5	5	0
155136891	5	5	0
155131147	3	3	0
155029181	7	3	4
154943612	5	5	0
154934051	7	6	1
154933542	5	5	0
154875415	7	6	1
154657021	6	5	1
154643265	11	8	3
154600425	9	7	2
154599016	5	5	0
154595519	2	2	0
154571908	1	1	0
154545511	9	5	4
154520881	8	5	3
154358287	5	5	0
154271092	5	5	0
154246544	6	5	1
154235029	5	5	0
154226027	5	5	0
154217821	12	8	4
154182793	2	2	0
154159746	7	6	1
154134550	19	10	9
154099456	5	5	0
154077393	11	6	5
153875811	2	2	0
153875409	1	1	0
153811114	9	5	4
153808327	14	8	6
153789856	13	8	5
153672357	5	5	0
153657732	5	5	0
153638967	4	4	0
153614968	6	5	1
153565836	4	4	0
153500181	5	5	0
153496426	13	9	4
153390868	9	6	3
153335785	5	5	0
153313114	6	3	3
153252947	89	35	54
153219005	5	5	0
153209521	7	6	1
153183699	5	4	1
153085592	5	5	0
153072737	4	4	0
153047891	5	5	0
153008504	8	6	2
152974465	5	5	0
152904282	9	6	3
152897506	5	5	0
152817998	9	7	2
152803874	5	5	0
152781075	5	5	0
152776167	2	2	0
152732147	5	5	0
152725561	11	7	4
152715665	5	5	0
152701874	13	9	4
152629653	1	1	0
152622278	5	5	0
152603338	5	5	0
152521825	2	2	0
152518189	5	5	0
152463186	5	5	0
152445912	11	8	3
152439149	13	7	6
152435959	5	5	0
152391425	9	6	3
152386089	2	2	0
152377203	23	11	12
152293740	2	2	0
152195273	4	4	0
152138842	5	5	0
152050171	5	5	0
152027544	5	5	0
152023769	5	5	0
152004305	2	2	0
151978478	10	7	3
151916404	7	5	2
151858595	10	7	3
151849994	2	2	0
151743865	18	8	10
151695412	3	3	0
151644405	8	6	2
151473200	16	11	5
151420895	2	2	0
151245086	1	1	0
151206056	6	3	3
151187501	4	4	0
151132899	5	5	0
151125409	7	6	1
151119480	14	9	5
151114444	2	2	0
151000912	5	5	0
150913498	5	5	0
150879783	1	1	0
150863953	5	5	0
150842818	4	4	0
150732915	10	7	3
150655127	12	7	5
150623207	4	4	0
150558943	4	4	0
150544012	5	5	0
150534193	4	4	0
150522536	33	16	17
150480199	2	2	0
150398005	4	4	0
150391945	5	5	0
149844705	4	4	0
149643300	4	4	0
149559708	10	8	2
149197159	5	5	0
149103263	5	5	0
149023704	5	5	0
148934971	5	5	0
148902996	8	5	3
148866899	8	6	2
148596909	17	9	8
148560663	6	5	1
148528460	9	7	2
148384888	5	5	0
148275759	5	5	0
148275334	17	10	7
148250832	6	5	1
148003740	5	5	0
147929044	5	5	0
147918925	2	2	0
147848271	1	1	0
147827536	5	5	0
147685315	5	5	0
147644037	4	4	0
147548665	4	4	0
147507738	4	4	0
147494341	4	4	0
147472442	5	5	0
147365557	16	9	7
147287076	5	5	0
147276363	5	5	0
147247257	2	2	0
147107677	5	5	0
146977596	4	4	0
146971059	11	5	6
146898270	10	7	3
146781003	4	4	0
146684679	8	6	2
146326788	5	5	0
146187461	5	5	0
146159272	5	5	0
146153214	2	2	0
146087706	2	2	0
146084779	5	5	0
146034440	5	5	0
145994777	29	15	14
145883651	1	1	0
145836537	5	5	0
145751974	5	5	0
145724524	5	5	0
145674580	5	5	0
145585661	11	8	3
145563445	7	5	2
145481563	5	5	0
145389306	5	5	0
145359406	6	5	1
145344160	5	5	0
145344074	2	2	0
145341907	10	6	4
145265218	1	1	0
145132887	5	5	0
145023899	5	5	0
145008335	2	2	0
145001366	5	2	3
144849623	5	5	0
144814227	9	7	2
144764742	5	5	0
144629554	4	4	0
144619468	5	5	0
144562795	2	2	0
144436289	7	3	4
144352389	5	3	2
144328965	2	2	0
144320051	1	1	0
144125964	2	2	0
144108157	14	9	5
144053215	4	4	0
144045668	5	4	1
143971415	5	5	0
143748241	1	1	0
143747024	4	4	0
143742706	4	4	0
143733310	5	5	0
143601678	4	4	0
143580742	12	8	4
143483918	7	6	1
143468556	5	5	0
143451851	7	6	1
143351952	9	7	2
143317722	5	5	0
143308235	5	5	0
143246222	5	5	0
143227236	5	5	0
143191519	5	5	0
143105501	4	4	0
143003723	5	5	0
142934668	2	2	0
142902146	5	5	0
142871362	2	2	0
142826644	5	5	0
142818828	1	1	0
142781950	5	5	0
142730513	5	5	0
142710023	2	2	0
142640598	5	5	0
142637524	8	6	2
142622575	11	8	3
142440009	7	5	2
142432700	16	10	6
142334069	4	4	0
142309434	2	2	0
142202810	5	5	0
142168775	4	4	0
142092377	5	4	1
141982168	9	6	3
141966920	7	6	1
141952230	5	5	0
141903278	7	5	2
141888720	5	5	0
141817768	4	4	0
141776899	10	7	3
141712867	5	5	0
141690639	5	5	0
141634226	1	1	0
141546416	5	5	0
141538514	9	7	2
141424226	16	9	7
141348786	5	5	0
141270329	21	11	10
141170123	12	8	4
141114720	4	4	0
140913672	5	5	0
140826052	1	1	0
140794783	7	5	2
140642508	5	5	0
140629803	8	6	2
140581594	8	6	2
140547127	4	4	0
140535812	5	5	0
140452492	5	5	0
140448462	14	7	7
140439112	7	6	1
140419245	7	6	1
140361576	2	2	0
140345204	7	6	1
140255829	7	6	1
140248558	5	5	0
140221062	2	2	0
140172686	5	5	0
140126122	5	5	0
140097611	4	4	0
140051172	5	5	0
140038551	9	7	2
140015379	5	5	0
139877769	3	3	0
139742657	7	6	1
139731050	5	5	0
139697624	17	10	7
139692090	2	2	0
139683750	5	3	2
139676610	5	5	0
139602793	15	9	6
139530991	4	4	0
139508193	4	4	0
139449095	6	4	2
139417774	4	4	0
139362532	5	5	0
139340378	3	3	0
139339690	16	9	7
139338420	5	5	0
139271603	9	7	2
139208601	8	5	3
139194032	22	13	9
139183168	9	7	2
139133946	9	7	2
139103316	14	9	5
139081379	5	5	0
139048474	10	7	3
139018839	5	5	0
139006231	5	5	0
139005140	5	5	0
138927457	5	5	0
138892044	4	4	0
138867945	1	1	0
138772990	1	1	0
138768957	5	5	0
138749689	1	1	0
138735830	5	5	0
138728798	5	5	0
138703859	5	5	0
138647158	10	7	3
138615673	4	4	0
138518696	7	6	1
138427195	5	5	0
138383200	5	5	0
138265811	5	5	0
138238315	4	4	0
138199350	4	4	0
138179256	5	5	0
138107823	1	1	0
138059927	8	6	2
138051514	8	5	3
138036314	5	5	0
137998291	4	4	0
137969443	4	3	1
137964580	5	5	0
137943038	1	1	0
137931664	19	10	9
137856530	4	4	0
137852446	6	5	1
137841683	4	4	0
137836393	14	8	6
137827076	10	8	2
137817307	5	5	0
137679728	5	5	0
137652774	8	6	2
137636712	4	4	0
137524658	5	5	0
137431987	7	6	1
137409770	11	7	4
137337848	5	5	0
137248236	4	4	0
137239595	2	2	0
137140989	5	5	0
137124215	5	5	0
137096070	3	3	0
137073386	7	4	3
137035359	1	1	0
137017971	2	2	0
136953398	1	1	0
136927814	5	5	0
136921658	4	4	0
136888849	5	5	0
136797895	5	5	0
136701090	9	7	2
136585167	1	1	0
136563780	2	2	0
136531756	5	5	0
136404702	5	5	0
136294872	5	5	0
136188114	5	5	0
136106973	9	7	2
136065476	1	1	0
136063114	4	4	0
136051218	5	5	0
136009498	5	5	0
135923255	5	5	0
135897371	8	5	3
135788324	11	6	5
135756056	5	5	0
135669031	5	5	0
135650949	5	5	0
135563563	51	20	31
135497512	6	4	2
135419719	1	1	0
135407988	1	1	0
135321466	5	5	0
135319172	9	7	2
135245258	10	7	3
135223278	5	5	0
135222129	5	5	0
135213076	4	4	0
134985713	10	7	3
134972173	5	5	0
134933520	5	5	0
134807921	9	4	5
134803008	5	5	0
134753202	4	4	0
134654668	15	8	7
134629894	10	8	2
134582691	5	5	0
134559934	5	5	0
134456044	2	2	0
134444888	5	5	0
134434156	5	5	0
134355819	5	5	0
134333561	5	5	0
134324730	5	5	0
134300124	13	9	4
134296255	5	5	0
134206205	5	5	0
134145374	7	6	1
134145054	5	5	0
134093639	5	5	0
133985246	5	5	0
133934649	7	6	1
133800843	7	4	3
133746200	11	8	3
133725452	5	5	0
133617967	9	7	2
133518452	11	6	5
133461862	2	2	0
133413975	6	5	1
133409412	7	5	2
133399781	5	5	0
133198177	5	5	0
133154202	5	5	0
133108956	4	3	1
133059244	5	5	0
132843731	1	1	0
132783990	7	6	1
132438622	2	2	0
132424636	14	9	5
132404170	11	8	3
132361296	4	3	1
132348834	4	4	0
132270970	34	17	17
132261923	5	5	0
132227821	13	8	5
132207336	15	7	8
132150128	9	7	2
132147340	5	3	2
132099781	4	4	0
131948327	5	5	0
131920948	2	2	0
131905995	7	6	1
131898060	6	5	1
131822942	21	11	10
131746656	5	5	0
131665584	2	2	0
131110687	12	7	5
130141324	5	5	0
129655845	4	4	0
129335435	4	4	0
128989122	5	5	0
128915033	4	4	0
128564069	4	4	0
128474765	8	5	3
128446585	2	2	0
128398485	6	5	1
127957856	7	6	1
127805088	11	6	5
127743583	6	4	2
127419772	8	6	2
127300788	5	5	0
127189052	5	5	0
126470119	4	3	1
126206749	4	4	0
126104359	7	4	3
126061818	12	8	4
125734249	5	5	0
125524157	6	5	1
124987984	2	2	0
124547526	34	17	17
124469472	7	6	1
124423905	7	6	1
124238366	7	6	1
124234873	6	4	2
124184246	6	5	1
124114179	4	4	0
124038313	10	8	2
123859539	1	1	0
123587138	5	5	0
123509594	5	5	0
123346543	3	3	0
123299423	6	5	1
123151552	14	6	8
123041241	5	5	0
123031673	1	1	0
122971117	6	5	1
122865511	5	5	0
122745046	4	4	0
122574859	7	5	2
122513193	5	5	0
122511930	10	7	3
122096139	5	5	0
122012646	5	5	0
121993710	4	4	0
121793476	5	5	0
121654020	5	5	0
121624691	7	5	2
121618508	10	7	3
121558648	5	5	0
121547311	5	5	0
121489488	15	9	6
121484345	12	7	5
121352474	15	9	6
121247808	2	2	0
121224636	1	1	0
120928081	5	5	0
120747310	21	11	10
120705749	4	4	0
120661675	7	4	3
120514227	5	5	0
120201047	5	5	0
119956612	5	5	0
119632317	9	4	5
119423184	5	5	0
119153937	10	5	5
118817817	15	10	5
118636583	3	3	0
118633379	7	6	1
118562526	20	7	13
118432692	1	1	0
118316329	4	4	0
118302123	10	7	3
118158463	4	4	0
117978184	2	2	0
117800597	2	2	0
117786650	10	7	3
117372985	2	2	0
117278647	5	5	0
116631336	5	5	0
116547531	5	5	0
115781926	11	7	4
115507325	5	5	0
115438861	10	6	4
115153219	8	6	2
114973959	10	7	3
114944196	5	5	0
114816299	8	6	2
114696884	4	4	0
114660237	5	5	0
114475060	4	4	0
114423194	5	5	0
113757643	39	21	18
113647642	9	6	3
113596367	3	3	0
113582842	5	5	0
113553499	2	2	0
113481422	15	9	6
113342814	7	4	3
112762944	2	2	0
112332094	5	5	0
112326054	5	5	0
112318481	22	12	10
112098748	5	5	0
111442829	2	2	0
110865162	8	4	4
110828641	12	7	5
110766906	5	5	0
110749423	5	5	0
110616295	1	1	0
110548399	6	5	1
110166209	13	9	4
109558912	8	4	4
109328894	5	5	0
109314748	5	5	0
109136969	5	5	0
109036736	5	5	0
109031099	4	4	0
108669272	5	5	0
108622887	5	5	0
108164723	5	5	0
107890724	8	6	2
107304324	9	7	2
107282449	5	5	0
106582332	5	3	2
106216305	5	5	0
106193896	13	7	6
106130929	5	5	0
105778623	13	8	5
105643443	5	5	0
105608778	11	7	4
105572503	5	5	0
105378864	1	1	0
105077045	25	10	15
104641066	7	6	1
104491554	10	7	3
104484588	5	5	0
104219662	9	7	2
104197809	2	2	0
104163527	20	11	9
104137430	2	2	0
104054107	4	4	0
103948089	5	5	0
103945538	1	1	0
103858985	5	5	0
103606874	9	7	2
103190577	16	11	5
103186189	5	5	0
103155598	1	1	0
102679834	8	6	2
102326295	5	5	0
102281319	4	4	0
102237881	5	5	0
101825490	1	1	0
101614665	9	6	3
101403339	2	2	0
101271999	13	10	3
101172671	6	5	1
101096448	17	9	8
101035049	5	5	0
101022755	4	4	0
100981818	5	5	0
100799760	8	7	1
100750223	9	6	3
100523061	5	5	0
99976386	5	5	0
99706760	7	6	1
99697450	5	5	0
99140204	5	5	0
99054392	10	7	3
98945643	5	5	0
98893425	9	4	5
98664523	5	5	0
98436728	5	5	0
98041372	9	7	2
97767284	7	5	2
97639908	2	2	0
97551151	4	4	0
97489385	3	2	1
97440246	16	7	9
97361692	4	4	0
97290760	2	2	0
97158978	4	4	0
97145296	11	6	5
97070233	2	2	0
96872202	11	8	3
96792394	1	1	0
96696405	7	6	1
96577286	5	5	0
96394329	5	5	0
96052406	2	2	0
95982169	7	6	1
95972690	5	5	0
95922315	16	10	6
95868073	5	5	0
95678891	2	2	0
95588597	6	4	2
95353552	9	7	2
95211652	2	2	0
95208794	6	5	1
94841549	2	2	0
94656317	5	5	0
94609815	5	5	0
94572572	21	12	9
94493417	11	6	5
94282967	7	5	2
94229612	12	8	4
94094381	5	5	0
93578568	5	5	0
93389653	9	7	2
92917475	12	8	4
92674931	5	5	0
92333960	13	8	5
92300983	6	5	1
92279664	15	8	7
91766348	22	13	9
91630176	4	4	0
91606702	10	5	5
91486282	5	5	0
91252589	4	3	1
91158320	5	5	0
91024050	1	1	0
91013559	1	1	0
90733187	7	4	3
90695351	21	9	12
90559339	5	5	0
90472859	7	4	3
90421192	10	7	3
90052558	5	5	0
89898502	8	6	2
89715287	7	4	3
89420172	2	2	0
89373877	5	5	0
89262465	2	2	0
89199827	4	4	0
89101935	4	4	0
88990337	5	5	0
88811716	24	14	10
88661374	15	9	6
88657782	5	5	0
88057688	9	5	4
88028938	2	2	0
87547629	13	9	4
87162435	5	5	0
86890892	14	9	5
86809838	5	5	0
86413958	12	7	5
85905532	9	7	2
85855759	5	5	0
85730844	5	5	0
85543625	5	5	0
85472926	5	5	0
85068964	5	5	0
85021181	4	4	0
84973097	3	3	0
84581493	6	4	2
84387110	5	5	0
84247841	4	4	0
84230666	2	2	0
84168529	5	5	0
83362217	5	5	0
83117410	7	6	1
83116808	8	6	2
82955166	5	5	0
82874928	6	5	1
81667688	9	7	2
81583171	5	5	0
81277951	13	7	6
81056386	4	4	0
81033736	9	7	2
80742402	5	5	0
80436175	7	6	1
80406398	10	7	3
80083354	1	1	0
79964853	7	4	3
79403426	7	6	1
79142810	5	5	0
78907669	8	6	2
78802563	4	4	0
78797235	1	1	0
78716978	2	2	0
78355078	6	5	1
78121516	10	7	3
78119939	2	2	0
78029608	5	5	0
77112046	21	12	9
76858459	15	8	7
76804686	15	11	4
76406857	5	5	0
75785096	6	5	1
75423482	2	2	0
74871459	5	5	0
74601239	13	6	7
74516147	5	5	0
74407730	10	7	3
74013427	5	5	0
74010829	5	3	2
73353362	5	5	0
73290165	2	2	0
73139072	5	5	0
73098453	5	5	0
72494137	1	1	0
72487394	12	8	4
72254557	9	7	2
72023698	1	1	0
71584315	2	2	0
71480636	8	6	2
71343962	7	6	1
71204071	7	5	2
71103926	1	1	0
71064834	10	7	3
70962983	4	4	0
70756279	2	2	0
70723328	5	5	0
70292694	7	4	3
70159374	5	5	0
69774297	5	5	0
69462846	4	4	0
69337530	7	5	2
69268730	5	5	0
69244707	5	5	0
68489420	5	4	1
68479616	5	5	0
67850793	2	2	0
67826896	4	4	0
67786648	4	4	0
67690400	12	7	5
67672289	8	6	2
67601307	5	5	0
67059258	5	5	0
66937673	8	6	2
66922583	4	4	0
66896628	8	6	2
66744523	5	5	0
66727603	5	5	0
66060755	10	5	5
65826186	2	2	0
65782497	5	5	0
65676704	5	5	0
65665351	5	5	0
65656895	2	2	0
65370543	10	7	3
65172828	5	5	0
64792021	13	9	4
64265586	5	5	0
64209471	4	4	0
63822831	5	5	0
63752069	4	4	0
63550257	2	2	0
62484258	2	2	0
62368690	16	8	8
61874159	14	8	6
61689239	7	6	1
61640405	5	5	0
61389404	24	13	11
61102358	2	2	0
60707957	11	8	3
60707791	4	4	0
60046035	9	7	2
59554891	5	5	0
59539957	5	5	0
59283667	2	2	0
58821772	5	5	0
58595032	17	11	6
58552226	11	8	3
58480824	11	8	3
58434460	10	7	3
58421688	13	9	4
58360125	4	4	0
58347016	4	4	0
58178019	17	10	7
58122526	9	5	4
57591451	5	5	0
57193881	7	6	1
56771374	2	2	0
56243256	4	4	0
56008305	4	4	0
55802472	11	7	4
55639169	4	4	0
55453428	19	11	8
55256682	9	7	2
55037516	2	2	0
54966517	5	5	0
54567370	19	8	11
53833619	5	5	0
53767964	5	5	0
52516001	4	4	0
51833894	2	2	0
51222738	5	5	0
51075092	6	5	1
50537485	12	9	3
50284050	2	2	0
49705697	58	24	34
49632849	7	6	1
49403482	1	1	0
49286719	5	5	0
47931318	5	5	0
47058676	5	5	0
46808863	4	4	0
46449489	5	5	0
45919868	5	5	0
45914983	4	4	0
45247589	2	2	0
45160578	4	4	0
44717956	4	4	0
44610488	5	5	0
44416168	6	5	1
44376708	5	5	0
43431410	7	6	1
42838411	5	5	0
42563872	2	2	0
42347780	4	4	0
42089955	11	8	3
41464818	9	7	2
41276459	11	7	4
41060687	4	4	0
40259111	15	7	8
39938070	4	4	0
39852578	8	4	4
39615765	5	5	0
39575615	5	5	0
39011418	6	5	1
38357772	4	4	0
37743879	5	5	0
33597415	5	5	0
33412452	5	5	0
32596113	4	4	0
32113345	4	4	0
31950599	10	7	3
31631821	8	4	4
29939928	2	2	0
28789798	11	8	3
27903193	6	5	1
27824367	5	5	0
24846354	14	9	5
24628675	5	5	0
24416109	5	5	0
22510125	8	6	2
17595986	10	7	3
16945455	5	5	0
15970926	4	3	1
14453392	5	5	0
14165678	13	9	4
9206330	5	5	0
8642588	9	7	2
8345940	4	4	0
6629705	4	3	1
5125376	5	3	2
3424983	5	5	0
1658327	15	10	5
1526163	9	7	2
12672084	7	7	0
170951319	15	6	9
147887024	19	8	11
121996489	8	4	4
220594236	6	3	3
465727328	20	6	14
195311887	12	5	7
123810997	9	4	5
482695200	11	4	7
319276624	10	5	5
28903981	7	4	3
230178133	26	10	16
162957119	128	54	74
518939395	9	5	4
252468408	12	6	6
362434674	35	19	16
506639328	10	4	6
251137793	5	2	3
138555483	9	4	5
145220928	10	5	5
71627049	2	1	1
204945038	11	5	6
87560143	3	1	2
138947790	2	1	1
445061003	4	1	3
399943470	9	5	4
431398641	3	1	2
423861288	10	5	5
277256557	10	4	6
381147433	8	4	4
429118579	7	3	4
190502681	17	8	9
162274572	20	9	11
230163325	4	2	2
220913332	10	3	7
138575470	18	7	11
288229561	17	7	10
504520260	73	22	51
44058254	24	10	14
332338906	11	6	5
349929643	12	6	6
395745211	17	6	11
185880418	7	3	4
416731962	2	1	1
474248403	5	3	2
542225346	12	5	7
420405185	11	6	5
347431252	10	3	7
409439496	4	2	2
336133315	28	11	17
168438070	27	11	16
166826425	8	3	5
171290862	8	4	4
450600459	10	4	6
165521752	10	5	5
190383371	13	7	6
520754907	8	4	4
274172828	11	6	5
239481265	9	4	5
538571500	10	4	6
143927383	4	2	2
458818090	7	3	4
172510578	6	3	3
164280411	13	6	7
166830732	9	3	6
181008256	10	6	4
298880200	7	3	4
330427715	7	3	4
360652335	6	3	3
506212911	8	3	5
208771927	7	2	5
370823275	12	4	8
216314166	7	2	5
185618290	23	10	13
150809312	4	2	2
172561318	5	2	3
259139907	16	6	10
181465433	13	8	5
238410574	3	1	2
154669649	26	12	14
177772684	21	7	14
307112088	4	2	2
179854846	18	7	11
115812501	13	5	8
516817201	15	6	9
64250211	28	15	13
106302579	22	8	14
195032969	4	2	2
184710891	31	15	16
376163404	5	2	3
389307237	10	4	6
59230324	15	6	9
223751743	6	3	3
338451785	7	4	3
452860334	19	9	10
170933890	9	5	4
195388299	7	3	4
40930260	14	6	8
207991198	5	2	3
137032321	16	6	10
429766445	11	5	6
402101775	4	2	2
195906013	5	3	2
174806390	8	3	5
215650709	10	5	5
239186216	23	8	15
325341106	7	4	3
434890603	9	5	4
365450429	10	5	5
358976514	5	2	3
89295389	8	4	4
3602010	9	5	4
184538268	3	1	2
156013814	19	8	11
270150751	4	2	2
153610343	8	4	4
439550436	6	3	3
269693861	7	3	4
266473129	11	4	7
124968658	6	3	3
135950991	5	3	2
82281753	10	5	5
265903623	2	1	1
499969750	16	7	9
154530395	11	4	7
132242236	2	1	1
317127672	8	3	5
456651969	7	2	5
358300218	7	3	4
183272486	6	3	3
217447373	5	1	4
176003511	7	3	4
73600676	16	7	9
156290383	6	3	3
160700936	5	2	3
108431226	7	4	3
314351731	4	2	2
324367941	7	2	5
211109066	2	1	1
322704767	5	2	3
179138070	9	5	4
275956322	2	1	1
150976610	3	1	2
209386907	2	1	1
223841331	29	11	18
142675081	10	5	5
345022558	2	1	1
174866284	6	3	3
141121308	4	1	3
128404309	13	5	8
526453293	8	4	4
353764728	9	4	5
154853685	9	4	5
216106341	10	6	4
324746040	9	5	4
305610805	10	5	5
151149503	13	7	6
187532050	14	6	8
406349379	8	2	6
336847489	10	3	7
34510373	13	7	6
189760224	10	5	5
452728315	3	2	1
441163779	2	1	1
389737032	7	3	4
467280030	7	4	3
543580048	8	4	4
182309904	15	9	6
220246321	3	2	1
75357288	12	4	8
201205817	11	4	7
260382273	2	1	1
373353206	2	1	1
146770196	8	4	4
490458492	2	1	1
157695878	13	6	7
96192644	5	3	2
73273232	8	5	3
347130639	11	5	6
186803451	4	2	2
255429171	8	4	4
543362278	9	2	7
196516417	5	3	2
78683317	12	5	7
134805657	6	3	3
429783055	25	10	15
220720784	7	3	4
451124504	8	3	5
325494748	9	4	5
346573353	11	5	6
161400276	9	5	4
522664333	8	4	4
266669392	2	1	1
493218214	5	2	3
494178698	2	1	1
261872176	3	2	1
198835311	7	3	4
341552615	12	4	8
184737522	9	4	5
508001614	7	3	4
261712412	6	3	3
144594569	4	2	2
95127543	7	3	4
507288584	12	6	6
160387286	7	2	5
240329343	4	2	2
159888868	8	3	5
202366650	9	3	6
261724672	5	2	3
184441873	5	2	3
131890593	3	1	2
438919706	4	2	2
426444797	3	1	2
135830022	3	1	2
324720258	3	1	2
517494763	2	1	1
262335913	4	2	2
283204582	2	1	1
376980026	12	5	7
155120005	6	4	2
405627393	17	7	10
284234108	3	1	2
177810661	18	10	8
226040866	6	3	3
526334051	2	1	1
367223161	12	5	7
206356653	8	4	4
153245715	7	3	4
260757629	23	12	11
340096550	5	3	2
156831114	8	3	5
499547695	11	6	5
405096162	2	1	1
227789349	11	2	9
75349612	5	3	2
175634351	2	1	1
498077971	14	5	9
427683548	4	1	3
371469551	8	4	4
267406283	3	1	2
177217218	2	1	1
175374875	3	1	2
202547159	7	4	3
428313035	9	5	4
304262937	3	1	2
249825699	6	2	4
351219689	10	5	5
372940858	5	2	3
166474350	12	5	7
155839997	3	1	2
415951431	15	7	8
301352736	8	5	3
504972615	7	5	2
365236474	3	3	0
124986327	10	5	5
155429180	6	3	3
257714037	8	4	4
543572644	3	2	1
542772667	3	2	1
522508307	5	3	2
520619618	6	3	3
519662544	4	2	2
515148663	37	18	19
499985582	3	2	1
494661695	1	1	0
492270553	30	10	20
489392825	1	1	0
487252754	3	2	1
478726087	14	7	7
474494465	6	4	2
467627661	6	3	3
467314737	3	2	1
461788174	15	8	7
453615962	8	3	5
453164361	3	2	1
450491301	7	4	3
450363307	1	1	0
448894391	5	2	3
444847679	3	2	1
438432414	3	2	1
436021851	10	4	6
428091505	5	3	2
426459868	5	3	2
423538171	8	4	4
420834399	4	2	2
417516887	3	2	1
401623118	10	4	6
393855347	3	2	1
374252749	3	3	0
372977101	8	4	4
367657557	12	6	6
364733433	4	2	2
361982085	5	3	2
358511848	20	11	9
355930723	6	3	3
355550666	1	1	0
354285797	5	3	2
354216552	4	2	2
340439522	7	4	3
335096236	3	2	1
333078381	4	2	2
330904260	3	2	1
327634205	4	2	2
326305654	1	1	0
325467803	3	2	1
325451213	1	1	0
322643062	3	2	1
322281344	8	4	4
321498656	6	3	3
320017103	3	2	1
318831133	6	3	3
318628326	2	1	1
317442505	6	3	3
315328083	6	3	3
314667008	3	2	1
312898958	1	1	0
312500091	4	2	2
299023678	14	6	8
298660436	4	2	2
293135013	3	2	1
291865749	3	2	1
291417369	4	2	2
289293185	5	3	2
288215102	6	3	3
287015018	1	1	0
285726277	1	1	0
284560900	3	2	1
284280625	3	2	1
283863602	1	1	0
283048096	6	3	3
280077341	11	5	6
278115805	1	1	0
276514288	3	2	1
269831836	4	2	2
269458591	9	4	5
264038208	7	4	3
263567484	3	2	1
258559166	4	2	2
258103361	5	3	2
255669864	3	2	1
254580040	3	2	1
252553337	3	2	1
252268778	1	1	0
249730452	1	1	0
247881835	1	1	0
245889871	1	1	0
244159498	3	2	1
243047048	8	3	5
242270662	3	2	1
241600925	3	2	1
240419438	4	2	2
239359649	6	4	2
239130546	3	2	1
238526838	6	3	3
234450460	3	2	1
234401408	13	5	8
232908991	9	4	5
232560934	7	3	4
229016267	8	4	4
226735775	5	2	3
225181874	5	3	2
224830802	3	2	1
224742985	1	1	0
223716376	8	3	5
223047163	3	2	1
220940080	3	2	1
219918511	4	2	2
219249917	4	2	2
217523946	10	4	6
215229065	4	2	2
213724612	4	2	2
209899185	3	2	1
209848720	4	2	2
209751366	3	2	1
209478422	4	2	2
208691301	29	12	17
207207906	11	4	7
207202301	1	1	0
206701759	7	4	3
206322011	1	1	0
204924554	3	2	1
202936298	5	3	2
201325604	1	1	0
200178457	16	8	8
199875695	1	1	0
199836393	8	3	5
197302612	6	3	3
196315105	14	7	7
195719329	3	2	1
195312566	3	2	1
194363489	3	2	1
192612996	47	21	26
191805029	1	1	0
190648594	3	2	1
188366231	3	2	1
186087701	7	4	3
184801011	12	5	7
184790923	5	3	2
184186685	5	2	3
183877009	6	3	3
182866672	6	4	2
182267098	1	1	0
182132877	7	4	3
181465548	8	4	4
179714235	8	4	4
178371943	4	2	2
178350340	13	6	7
177664367	5	3	2
174636553	5	3	2
172176847	5	3	2
171746221	3	2	1
170586355	3	2	1
170531177	8	4	4
170475299	12	6	6
170045994	3	2	1
169983368	7	4	3
168969164	11	4	7
165125720	9	5	4
164172005	3	2	1
163830598	1	1	0
159994431	6	3	3
159961422	3	2	1
159344096	1	1	0
158020904	18	7	11
157050843	1	1	0
156809527	6	3	3
155585482	10	6	4
153489243	5	3	2
151649403	3	2	1
150679037	4	2	2
150594944	1	1	0
148542154	3	2	1
147307755	1	1	0
146709691	3	2	1
146706548	3	2	1
146465869	7	3	4
145688508	3	2	1
145160717	1	1	0
143318272	17	8	9
143210262	3	2	1
143112486	1	1	0
141913953	3	2	1
141061207	5	3	2
140661823	3	2	1
137620565	11	7	4
136340577	3	2	1
134017089	9	5	4
123606110	1	1	0
121136644	5	3	2
120921936	1	1	0
120856402	3	2	1
120467209	9	4	5
112011680	4	2	2
110612810	4	2	2
103852583	1	1	0
99647627	4	2	2
92927601	1	1	0
89350302	1	1	0
86599026	3	2	1
85653101	3	2	1
84524954	3	2	1
79853794	5	3	2
67932135	3	2	1
60990566	5	3	2
58645362	7	2	5
53318580	5	3	2
52048252	9	5	4
44351820	7	4	3
32888911	1	1	0
29237466	8	4	4
