id	Всего сообщений	Сообщений ученика	Сообщений учителя
442573647	22	10	12
163456184	117	53	64
508761362	953	252	701
199061698	8	3	5
255669864	8	5	3
212047081	7	6	1
99140204	15	10	5
67141257	147	55	92
171065698	9	5	4
199587543	19	12	7
337576340	10	8	2
436430557	23	14	9
150544012	20	13	7
284704069	43	24	19
150378736	14	9	5
155028781	18	12	6
196296983	64	40	24
138735830	13	9	4
29237466	11	5	6
418890756	16	7	9
166131487	9	7	2
177053489	13	11	2
201937720	33	19	14
42563872	15	7	8
167743695	8	4	4
81583171	8	7	1
234749259	24	13	11
520198021	3	2	1
235169225	17	11	6
503730038	83	49	34
137620565	29	17	12
197267965	44	17	27
179714235	16	7	9
201362547	34	18	16
222306609	64	34	30
114141186	36	12	24
195447222	23	15	8
94656317	28	17	11
244159498	6	4	2
3293718	16	9	7
440007170	20	10	10
218428385	32	23	9
142726040	44	22	22
375979269	14	11	3
179146207	42	26	16
384853541	18	7	11
481189082	33	15	18
233556126	24	15	9
222580522	29	13	16
431930211	24	11	13
310656515	25	12	13
352032749	23	11	12
220021293	18	13	5
226807032	81	38	43
539243211	105	60	45
447092186	31	17	14
243020342	42	23	19
185401314	19	11	8
489083609	35	21	14
145389306	10	8	2
141913953	17	8	9
178350340	20	9	11
154286664	27	16	11
84581493	17	11	6
191773299	15	12	3
148560663	24	13	11
227737255	54	29	25
236665410	13	8	5
405828351	21	13	8
162469552	190	101	89
132889293	4	2	2
208448901	11	6	5
166267002	29	16	13
228614743	24	13	11
188954044	69	35	34
163720554	46	25	21
106676727	12	7	5
78907669	20	11	9
144053215	13	9	4
499666748	92	37	55
172537200	26	13	13
362039463	12	5	7
172176847	23	11	12
253099803	15	11	4
67621481	22	14	8
467348687	34	16	18
338358095	99	43	56
159549690	4	2	2
186888231	22	14	8
358436874	22	12	10
401792706	93	48	45
217036439	11	7	4
134311771	23	9	14
205442617	8	4	4
152732147	18	12	6
173674956	44	22	22
143097228	40	20	20
283204582	4	2	2
256232911	94	44	50
105778623	22	12	10
180398658	22	15	7
107890724	20	10	10
134648480	44	20	24
237527625	47	17	30
58645362	22	10	12
110166209	19	12	7
240205724	12	9	3
154116103	7	3	4
269357808	10	7	3
200128737	12	9	3
306560619	10	8	2
390427794	13	6	7
270673068	45	23	22
197700071	24	17	7
141966920	10	8	2
227288518	81	34	47
164200468	11	9	2
209726724	62	26	36
202579180	19	11	8
56759495	6	3	3
162628046	6	3	3
449663188	2	1	1
504087732	9	7	2
357490056	81	36	45
503732487	9	4	5
126686652	21	13	8
184791023	14	11	3
452860334	23	10	13
461775536	25	13	12
450923306	6	3	3
158278400	40	17	23
503589275	105	57	48
179138070	16	9	7
194152151	12	6	6
55068077	8	3	5
145563445	17	11	6
181584236	12	10	2
200002575	25	15	10
527882444	12	7	5
349620614	36	18	18
176173867	5	3	2
251953575	123	58	65
228283186	8	7	1
222351867	20	14	6
300715818	14	10	4
284559313	22	12	10
396992623	26	14	12
170545467	3	2	1
149109309	60	23	37
347694568	25	15	10
169553537	3	1	2
207658719	35	25	10
123838153	16	8	8
376365980	50	20	30
269587521	11	7	4
481198913	2	1	1
161323041	8	5	3
159838878	35	19	16
168955145	37	20	17
139194032	28	15	13
162577458	4	2	2
164116368	35	19	16
91422220	11	8	3
153288791	37	16	21
191573459	151	79	72
438780686	6	4	2
73583011	71	34	37
74478134	206	93	113
63942052	115	52	63
195214517	19	11	8
154699801	34	18	16
168370222	12	9	3
429876923	88	34	54
360847630	23	14	9
349185870	89	38	51
445042394	8	5	3
167857368	15	9	6
353672286	13	7	6
412480211	26	17	9
148907256	31	21	10
351219689	13	7	6
185517453	13	9	4
124717575	24	12	12
312776595	22	11	11
177217218	5	3	2
217447373	33	20	13
240726822	53	31	22
488422875	18	13	5
537854339	106	49	57
416205790	8	4	4
164736193	24	15	9
138555483	20	9	11
181641382	8	5	3
303459624	7	4	3
232167841	15	10	5
242102155	19	10	9
409828227	10	8	2
388361205	31	15	16
341779203	83	32	51
200857606	8	7	1
319276624	24	12	12
201492378	40	24	16
278010132	12	9	3
254629766	36	21	15
403667975	14	4	10
213581328	9	6	3
96097922	23	14	9
230552387	8	7	1
111258959	33	23	10
201834746	14	10	4
381147433	13	7	6
236825182	38	21	17
528692360	8	4	4
145310564	48	15	33
222624431	10	8	2
142675081	18	8	10
134880398	19	13	6
174344306	9	7	2
203868007	32	16	16
157773927	15	10	5
225919260	10	8	2
176630811	8	6	2
114961791	70	38	32
140361576	5	4	1
221351196	14	9	5
150882997	78	41	37
136009498	19	10	9
142586933	72	25	47
480252030	11	8	3
147494341	13	8	5
151796374	33	17	16
175136446	8	4	4
475979973	27	16	11
58122526	16	9	7
508869876	28	17	11
413536653	55	30	25
274096542	20	14	6
113556657	53	29	24
331194348	43	19	24
176569461	14	7	7
137551136	21	13	8
162921204	57	31	26
492434887	24	15	9
166702750	28	16	12
528712506	130	59	71
212309960	17	10	7
136953398	18	12	6
202713324	15	8	7
514544267	18	8	10
353371409	13	10	3
296363354	10	4	6
227290720	39	23	16
429766445	15	7	8
183266317	25	14	11
269609076	62	30	32
170531177	16	8	8
157299826	15	10	5
202329548	13	6	7
251805316	12	5	7
198406257	16	11	5
74010829	17	9	8
141776899	17	11	6
459255993	50	25	25
223841331	35	14	21
348909127	17	12	5
254012193	55	25	30
157265885	42	25	17
438945372	25	15	10
479273721	38	22	16
238674678	14	7	7
200456783	63	27	36
158212106	19	10	9
238256004	41	21	20
134970959	10	5	5
144481151	5	2	3
155136891	34	18	16
388982742	44	21	23
188450917	21	14	7
296765544	42	25	17
250138960	47	25	22
242151997	7	4	3
532058423	18	9	9
246096409	26	11	15
231698545	16	9	7
194768034	33	14	19
408404214	8	7	1
409658912	17	11	6
223272468	16	10	6
190648594	16	8	8
242464572	43	24	19
181525202	10	6	4
152023489	24	12	12
351629899	20	11	9
221824810	11	6	5
275641219	24	13	11
377343226	31	19	12
372638490	57	28	29
116443738	96	60	36
66757214	2	1	1
171372531	17	12	5
136188114	19	11	8
241310331	21	10	11
209359071	19	9	10
232387263	39	17	22
325419300	16	11	5
367782524	18	9	9
443285484	11	8	3
169533675	18	12	6
161624403	44	25	19
214472017	25	17	8
226721154	10	6	4
151978478	32	17	15
133154202	20	11	9
267251229	28	14	14
169230287	18	12	6
219829530	14	8	6
529224132	4	3	1
131898060	14	10	4
169632990	20	9	11
220674456	19	11	8
476249561	16	7	9
207347980	7	5	2
188453851	22	11	11
402074941	14	10	4
427578928	11	5	6
379633387	18	11	7
231646526	11	8	3
233139578	52	28	24
195226442	10	4	6
430848663	18	6	12
391787146	34	18	16
286996738	16	9	7
94307171	19	12	7
210083755	14	6	8
278522976	38	21	17
323856145	10	7	3
159440857	83	42	41
495675061	12	5	7
77379207	58	35	23
308783268	21	12	9
243683055	26	12	14
212520678	10	7	3
197641288	5	3	2
362795250	13	10	3
184185690	40	20	20
206082485	17	10	7
176531709	9	8	1
439255652	70	41	29
475985089	11	5	6
217167991	25	16	9
104337291	46	23	23
195361410	12	5	7
513851036	11	8	3
356086737	29	15	14
253742330	9	5	4
142076332	41	22	19
483035302	7	3	4
121158722	17	8	9
420860556	9	4	5
191798417	18	12	6
136701090	16	11	5
135407988	7	4	3
90695351	41	20	21
247287243	83	38	45
360505317	4	2	2
204790885	9	5	4
336784195	41	15	26
74167423	13	9	4
278222016	4	2	2
159312454	30	13	17
392602952	7	3	4
167323115	14	3	11
125734249	9	7	2
252553337	8	4	4
246566778	11	8	3
522612773	56	23	33
204412822	10	5	5
236047695	14	7	7
239242637	24	13	11
252359766	23	12	11
148376296	6	3	3
307526196	5	2	3
313895617	12	9	3
205329235	13	6	7
495886840	5	3	2
235753072	6	3	3
146416118	22	14	8
259195735	6	3	3
228979732	4	2	2
265636801	8	7	1
115264673	24	10	14
324746040	14	8	6
163805771	5	2	3
338826203	10	8	2
163993908	18	14	4
537336815	7	5	2
134654668	21	11	10
170127725	56	37	19
315561369	8	7	1
216785923	20	11	9
469600198	37	21	16
399052033	46	20	26
141270329	31	16	15
336058289	30	16	14
131526168	11	6	5
162038927	14	6	8
249825699	8	3	5
215759636	36	19	17
90559339	15	12	3
212808246	9	5	4
486130079	15	10	5
208231323	20	12	8
270973135	12	8	4
352398839	11	5	6
121710452	8	5	3
541364344	36	21	15
52309335	5	2	3
223742098	18	8	10
333671146	12	9	3
525232063	60	33	27
535557015	82	32	50
138927457	16	11	5
338451325	21	13	8
121996489	14	7	7
541760679	29	16	13
147276363	11	9	2
116547531	10	8	2
229397955	11	4	7
179646332	13	7	6
129087905	42	26	16
376049148	23	12	11
344354248	81	56	25
222204648	13	6	7
256344721	16	8	8
140221062	6	5	1
369765378	3	1	2
230492364	25	11	14
154831294	23	14	9
98041372	17	11	6
150623207	7	6	1
232931146	19	10	9
304104504	19	12	7
508317383	10	8	2
78355078	11	8	3
317532162	21	11	10
224776695	5	3	2
275759771	18	11	7
139183168	14	10	4
498540943	21	15	6
273503745	14	7	7
184857204	32	14	18
195917050	12	9	3
295272586	24	7	17
508381516	15	8	7
321893244	12	5	7
115812501	17	7	10
179269610	7	4	3
537142238	24	13	11
271763488	22	11	11
134499467	24	16	8
534969157	12	7	5
393533043	7	6	1
207414742	4	2	2
119799595	13	7	6
543764641	92	45	47
371767513	10	8	2
228764519	8	5	3
250504792	13	9	4
544952797	14	9	5
544949868	40	17	23
544883312	2	2	0
544794584	9	5	4
544776546	17	10	7
544763802	8	6	2
544735677	18	10	8
544629525	2	2	0
544590701	3	3	0
544549634	29	14	15
544473919	6	6	0
544218969	9	6	3
544095833	11	8	3
544027920	10	8	2
543954702	10	8	2
543879545	7	6	1
543846974	21	9	12
543729450	6	6	0
543725825	5	5	0
543686386	11	7	4
543485631	6	6	0
543381441	10	8	2
543341184	18	13	5
542926037	8	7	1
542866165	8	7	1
542786011	5	4	1
542784711	6	6	0
542734417	6	3	3
542508366	6	6	0
542014195	10	8	2
541645408	19	13	6
541528198	5	5	0
541105584	11	8	3
540630006	7	6	1
540316612	18	11	7
540132091	6	6	0
539962653	15	11	4
539855071	5	4	1
539287118	9	7	2
539201716	6	6	0
539167829	6	6	0
538950259	18	10	8
538270935	15	9	6
537920759	8	7	1
537876010	12	7	5
537401268	11	8	3
537252955	11	8	3
536932655	11	5	6
536641100	6	6	0
536596928	3	3	0
536152736	8	7	1
535979158	22	10	12
535658047	6	6	0
535423277	23	11	12
535337547	14	5	9
534516328	6	6	0
534458274	27	12	15
533799454	6	6	0
533210725	13	7	6
533166295	14	9	5
532647982	19	11	8
532599377	2	2	0
531935939	6	6	0
531921328	6	6	0
531791429	17	10	7
530905230	21	17	4
530733760	6	6	0
530552849	2	2	0
530472583	18	7	11
530347148	6	6	0
529846250	3	3	0
529370191	9	8	1
528962836	11	8	3
528897345	1	1	0
528836676	7	3	4
528305376	6	6	0
527988015	6	6	0
527598645	27	14	13
527569256	6	6	0
527191177	5	5	0
526913261	6	6	0
526792819	5	3	2
526758629	5	4	1
526730043	6	6	0
526643024	6	6	0
526440713	3	3	0
526427934	9	6	3
525358861	7	4	3
525306194	23	14	9
525154238	2	2	0
524906952	6	6	0
524790931	3	3	0
524643768	8	7	1
524616965	6	4	2
524375954	9	7	2
523966364	87	44	43
523956156	6	5	1
523647146	5	5	0
522372788	6	6	0
522368102	8	7	1
522190861	41	21	20
522162132	13	8	5
522069624	62	32	30
522058664	5	5	0
521821541	16	11	5
521290134	33	21	12
521278810	100	42	58
521161030	5	5	0
520840338	6	6	0
520494787	5	4	1
520434872	10	8	2
520273840	8	5	3
520047622	2	2	0
519864382	6	6	0
519362623	6	6	0
519355974	6	4	2
517494763	3	2	1
517393217	13	7	6
517360239	6	6	0
517308534	5	5	0
517262357	11	7	4
517233167	10	8	2
517106462	6	6	0
516629011	10	8	2
516414262	6	6	0
516157558	5	5	0
515547655	3	3	0
515271593	6	6	0
514775509	1	1	0
514754269	5	5	0
514427753	23	12	11
513977156	6	6	0
513725443	12	9	3
513160581	6	6	0
512787664	3	3	0
512731349	6	6	0
512472491	6	6	0
512303780	6	6	0
511970927	6	6	0
511277792	8	6	2
511037349	6	6	0
511006487	5	4	1
510517008	6	6	0
509772720	9	7	2
509673900	2	2	0
509524435	14	9	5
509403248	2	2	0
509372168	15	10	5
509356405	6	6	0
509284296	6	6	0
508967119	3	3	0
508894889	10	8	2
508786145	32	18	14
508535119	3	3	0
508515329	6	6	0
508420727	13	8	5
508384130	14	9	5
508260275	6	6	0
508212280	5	5	0
508123096	13	9	4
508116053	6	6	0
508112332	15	10	5
508076918	9	7	2
508001614	8	4	4
507952337	5	5	0
507754641	6	5	1
507656181	7	5	2
507518612	3	3	0
507284459	5	5	0
507140691	29	17	12
506660540	5	5	0
506343997	5	4	1
506282199	6	6	0
506144490	15	10	5
505877598	8	7	1
505868329	6	6	0
505799540	9	7	2
505699627	6	6	0
505665000	6	6	0
505581467	14	9	5
505302345	16	12	4
505297336	2	2	0
505101849	6	6	0
504894325	13	9	4
504071807	16	8	8
503915151	6	6	0
503893507	3	3	0
503875834	12	8	4
503768723	3	3	0
503703501	9	7	2
503694668	10	8	2
503642515	2	2	0
503544016	6	6	0
503431955	6	6	0
503307258	20	12	8
503258435	6	6	0
503157129	6	6	0
503125428	17	11	6
503121257	6	6	0
503001012	17	10	7
502661527	6	6	0
502316587	37	15	22
502224543	6	6	0
502170820	12	8	4
502129626	3	3	0
501589364	19	11	8
501119893	14	10	4
501020131	6	6	0
500599936	6	6	0
500450969	10	8	2
500359446	27	16	11
500349958	13	9	4
500188236	5	5	0
500145360	6	6	0
500070846	11	8	3
499969750	17	8	9
499721801	6	6	0
499655201	2	2	0
499539714	5	4	1
499427892	6	6	0
499379498	6	6	0
499267879	5	5	0
498966311	14	9	5
498652579	12	8	4
498648965	18	11	7
498629927	10	8	2
498557848	5	5	0
498521275	46	23	23
498302219	6	6	0
498104301	11	9	2
498031791	6	6	0
498023994	6	6	0
498004793	9	7	2
497990946	2	2	0
497700761	3	3	0
497533176	8	6	2
497481728	6	6	0
497297588	6	6	0
497142238	6	6	0
497090181	5	5	0
497052424	13	8	5
496917161	11	8	3
496893936	6	6	0
496801531	2	2	0
496696814	6	6	0
496685164	11	8	3
496521284	2	2	0
496508135	6	6	0
496488740	3	3	0
496264273	8	6	2
495884755	8	7	1
495422023	9	7	2
495091883	6	6	0
494826927	6	6	0
494692271	3	3	0
494661695	2	2	0
494405403	8	7	1
494232827	6	6	0
494167818	22	14	8
494042693	6	6	0
493366609	6	6	0
493087540	17	11	6
492973265	6	6	0
492953186	10	8	2
492889724	6	6	0
492387751	6	6	0
492207400	6	6	0
492162505	5	5	0
492136273	24	14	10
491685612	10	8	2
491641751	6	6	0
491595185	8	6	2
491557628	13	9	4
491543192	7	6	1
491219727	7	6	1
491068517	3	3	0
490768270	15	10	5
490472604	21	13	8
490383953	33	16	17
490166274	14	10	4
489394301	9	8	1
489318634	6	6	0
489164062	8	7	1
489087458	16	10	6
488670925	14	9	5
488639954	15	10	5
488523163	9	7	2
488403154	6	6	0
487884306	6	6	0
487648390	6	6	0
487485665	15	12	3
487145369	10	7	3
487102247	10	8	2
486779480	2	2	0
486774353	7	6	1
486704313	47	22	25
486356436	14	9	5
486223943	8	5	3
486157138	6	6	0
486004944	33	19	14
485983309	12	9	3
485923360	12	8	4
485064390	5	5	0
485049982	6	6	0
484837714	7	5	2
484485234	5	5	0
484443541	6	6	0
484168203	5	5	0
483999948	6	6	0
483970055	12	9	3
483557503	6	6	0
483552770	6	6	0
483504581	17	11	6
483456334	10	6	4
483398296	6	6	0
483195829	20	13	7
483185605	49	26	23
482695200	12	5	7
482344612	8	7	1
482185315	14	9	5
482060754	8	7	1
481100516	3	3	0
480940778	53	25	28
480512518	6	6	0
479175187	5	4	1
479158865	12	9	3
479099061	6	6	0
478943229	6	6	0
478745404	6	6	0
478604648	17	11	6
478585933	6	6	0
477783904	6	6	0
477386566	16	12	4
477211363	17	12	5
477058239	13	8	5
477050876	14	10	4
476893229	14	9	5
475934828	7	4	3
475366021	6	6	0
475356922	6	6	0
475040040	20	10	10
474861618	8	4	4
474658715	18	9	9
474630642	5	3	2
474128378	15	8	7
473858210	24	14	10
473181982	12	9	3
472902007	14	8	6
472665019	9	5	4
472569323	6	6	0
472337147	3	3	0
471927168	28	11	17
471794654	10	7	3
471650901	22	13	9
471236350	6	6	0
471008813	6	6	0
470920452	6	6	0
470874382	10	8	2
470797100	6	6	0
470525982	13	9	4
470286345	3	3	0
469992141	3	3	0
469603604	18	9	9
469161602	23	9	14
468245122	6	6	0
467898268	6	6	0
467888316	5	5	0
467506533	3	3	0
467174170	6	6	0
466753485	6	6	0
466430201	5	5	0
465797548	6	6	0
465593666	8	6	2
465550608	5	5	0
465359308	3	3	0
465356361	11	8	3
465166913	8	7	1
465121904	6	6	0
465078993	8	7	1
464135368	6	6	0
463946620	6	6	0
463820156	8	7	1
463352333	5	5	0
462668504	28	15	13
462664283	18	11	7
461975054	9	7	2
461465875	6	6	0
461402247	8	7	1
461293362	11	7	4
461280379	13	7	6
461094266	6	6	0
461055515	8	7	1
460926799	6	5	1
460693905	10	5	5
460299213	10	8	2
459908220	12	9	3
459142695	3	3	0
458933966	8	7	1
458317991	15	7	8
458237190	9	7	2
457581878	12	9	3
457355293	6	6	0
457039160	6	6	0
456468182	5	5	0
456232007	2	2	0
456036903	11	8	3
455905664	8	7	1
455792937	6	6	0
455560760	2	2	0
455114547	6	6	0
454947637	9	7	2
454656336	11	8	3
454639673	6	6	0
454490160	20	13	7
454210271	6	6	0
454095268	6	4	2
454085949	2	2	0
453987900	6	6	0
453864351	26	13	13
453486287	2	2	0
452876801	6	6	0
452194097	5	5	0
451886090	21	14	7
451672686	6	3	3
451470778	6	6	0
451459040	5	5	0
449570403	1	1	0
448945519	7	6	1
448707762	9	7	2
448378590	6	6	0
448157539	14	6	8
448042136	1	1	0
447955057	1	1	0
447610276	6	6	0
447379623	22	13	9
447304081	5	5	0
447239041	28	14	14
446976865	9	7	2
446818796	8	5	3
446780969	3	3	0
446720124	6	6	0
446532794	6	6	0
446165573	3	3	0
446129117	1	1	0
446093990	9	5	4
446022317	11	8	3
445933199	3	3	0
445853679	14	9	5
445615637	6	6	0
445453276	6	6	0
445095241	16	10	6
444874516	3	3	0
444645380	3	3	0
444498870	7	4	3
444404901	7	5	2
444238559	6	6	0
444100744	8	7	1
443985677	8	7	1
443971011	6	6	0
443950373	3	3	0
443873537	2	2	0
443623920	3	3	0
443571912	17	10	7
443114798	54	27	27
442956948	10	8	2
442785580	11	7	4
442285920	5	4	1
442206457	3	3	0
441970695	5	5	0
441876234	6	6	0
441768123	6	6	0
441734747	3	3	0
441542499	7	6	1
441428037	10	5	5
440298082	14	10	4
439931585	2	2	0
439757670	6	6	0
439735146	17	10	7
439575586	6	6	0
439571356	3	3	0
439552406	40	20	20
439482487	64	33	31
439171516	17	8	9
438601355	5	5	0
438482093	6	6	0
437996570	6	6	0
437743575	12	8	4
437645760	3	3	0
437450350	16	11	5
437427322	7	6	1
437072091	2	2	0
436939056	1	1	0
436798348	6	6	0
436666168	8	7	1
436398679	16	9	7
436313956	8	7	1
436077453	2	2	0
436009598	5	5	0
435898170	9	5	4
435756256	16	12	4
435434367	6	6	0
435403735	6	6	0
435224244	12	9	3
435214571	29	18	11
435189010	15	8	7
434729885	2	2	0
434617830	8	7	1
434468247	13	9	4
434053252	6	6	0
434009785	2	2	0
433979379	19	12	7
433941477	42	23	19
433654419	3	3	0
433540496	3	3	0
433305679	3	3	0
433146184	10	6	4
433094741	14	10	4
432553095	8	7	1
432502054	5	5	0
432368765	2	2	0
432316311	2	2	0
432090366	5	4	1
432011946	5	5	0
431996517	6	6	0
431891681	5	5	0
431647955	5	5	0
431373872	13	10	3
431335765	3	3	0
431268557	6	6	0
431042964	6	6	0
431039458	6	6	0
430873395	6	6	0
430721578	7	5	2
430442326	6	6	0
430216050	1	1	0
430048976	5	5	0
429513930	6	6	0
429367045	6	6	0
429145349	9	6	3
428733359	7	5	2
427393063	8	7	1
427282257	6	6	0
427170761	8	7	1
426675105	3	3	0
426561538	3	3	0
425049059	10	8	2
424556525	17	9	8
424222580	8	7	1
424027015	6	6	0
423859799	16	11	5
423044801	5	5	0
422054517	1	1	0
421891667	3	3	0
421431758	6	6	0
421280193	8	6	2
421088171	13	9	4
420854423	6	6	0
420669387	5	5	0
420646324	9	6	3
420405185	12	7	5
419862412	30	14	16
419827244	12	8	4
419496332	15	9	6
419355239	12	6	6
418886614	9	7	2
418053276	7	4	3
417451224	5	5	0
416308218	6	6	0
415970809	8	7	1
415758374	10	7	3
414861683	7	6	1
414694214	6	6	0
414411920	11	7	4
414250388	3	3	0
413502949	9	7	2
413355004	7	5	2
413302942	6	6	0
413147154	6	6	0
413053498	5	5	0
412256870	11	8	3
412166034	3	3	0
411664294	5	5	0
411662588	12	9	3
411459806	6	6	0
411079985	5	5	0
410715927	8	7	1
410307588	11	8	3
410205510	3	3	0
410188819	6	6	0
410005202	8	7	1
409441920	5	5	0
409108133	6	6	0
408860240	5	3	2
408809476	6	6	0
408193834	14	10	4
407904256	6	6	0
407810011	8	7	1
407520076	12	9	3
406776426	5	5	0
406495602	9	7	2
406149093	6	6	0
406137366	6	6	0
405920510	9	7	2
405553535	2	2	0
405253759	14	10	4
405090527	6	6	0
404931574	12	9	3
404527410	35	18	17
404471430	6	6	0
404439988	43	19	24
404296123	2	2	0
404243242	6	6	0
404129348	6	6	0
404079470	7	6	1
403513776	10	8	2
403403458	7	6	1
403321473	6	6	0
402882199	20	11	9
402134180	6	6	0
401352669	6	6	0
401054118	13	9	4
400989122	8	7	1
400633906	8	7	1
400476880	5	5	0
400416369	25	11	14
400083296	2	2	0
399943470	10	6	4
399849349	6	6	0
399832929	5	4	1
399708979	6	6	0
399598797	15	9	6
399375958	9	7	2
399264545	13	10	3
399228897	5	5	0
399128339	18	10	8
398941795	6	6	0
398802784	29	14	15
398460645	10	7	3
398282209	13	10	3
397866118	17	8	9
397821810	4	3	1
397772589	5	5	0
397652619	6	6	0
397499177	21	13	8
397156426	6	6	0
397099108	15	10	5
396981112	47	22	25
396968603	27	15	12
396635680	41	23	18
396358983	19	10	9
396188314	2	2	0
396165579	11	9	2
396000532	14	8	6
395460748	3	3	0
395182734	3	3	0
395091449	15	11	4
394768051	12	8	4
394616889	3	3	0
394463812	85	29	56
394262444	5	4	1
393914343	6	6	0
393707883	30	14	16
393453214	14	6	8
393399988	11	8	3
393076975	6	6	0
392758391	10	7	3
392226635	6	6	0
392007062	5	5	0
391840806	6	6	0
391438178	6	6	0
391323993	24	14	10
391150045	17	11	6
391083179	2	2	0
390967854	5	5	0
390591693	7	6	1
390573289	13	8	5
390419674	13	9	4
390065375	48	20	28
389933848	2	2	0
389704880	13	6	7
389663140	10	7	3
389646655	2	2	0
389389365	3	3	0
388884893	6	6	0
388852590	3	3	0
388817835	6	6	0
388787231	14	9	5
388580614	10	8	2
387866051	5	4	1
387254112	6	6	0
387215661	3	3	0
386438757	1	1	0
386098036	10	8	2
385991878	9	7	2
385842322	11	6	5
385766994	12	7	5
385615160	9	6	3
385206497	15	10	5
385190120	1	1	0
384753450	6	6	0
384553360	6	6	0
384353355	18	12	6
384054257	6	6	0
383325480	6	6	0
383306059	15	10	5
383127236	6	6	0
382958415	8	7	1
382874075	18	11	7
382793134	5	5	0
382729414	42	15	27
382696971	13	9	4
382473625	6	6	0
382445826	6	6	0
382383687	9	7	2
382237928	9	7	2
382119555	5	5	0
381784704	3	3	0
381724134	1	1	0
381649810	13	10	3
381463186	6	6	0
381355139	5	5	0
380835091	10	8	2
380700505	3	3	0
380681865	9	6	3
380458690	6	6	0
380164916	11	7	4
379703183	6	6	0
379520537	6	6	0
379372280	86	38	48
379358361	5	5	0
378887980	5	5	0
378877879	8	7	1
378796401	12	8	4
378702582	6	6	0
378584885	11	8	3
378519881	14	9	5
378309819	9	7	2
378280179	8	7	1
377849695	6	6	0
377584071	11	9	2
376871674	5	5	0
376704596	10	8	2
376646771	20	12	8
376532826	6	6	0
376449881	3	3	0
376287566	6	6	0
376066382	8	7	1
376048395	6	6	0
375970092	6	6	0
375834227	5	5	0
375273111	6	4	2
374924562	2	2	0
374605870	9	7	2
374150167	6	6	0
374047429	11	8	3
374018896	14	9	5
373716188	6	6	0
373683584	6	6	0
373576969	2	2	0
373247848	13	9	4
373048470	28	13	15
373018122	6	6	0
372826356	5	5	0
372654202	13	9	4
372649262	6	6	0
372459843	16	11	5
372344886	15	9	6
372268139	11	8	3
372256077	10	8	2
372219544	14	7	7
372177676	6	6	0
372106694	6	6	0
372104765	20	12	8
371730061	2	2	0
371294198	5	5	0
371284520	1	1	0
370950356	6	6	0
370589176	6	6	0
370467756	16	10	6
370405407	8	7	1
370219223	3	3	0
370092497	61	27	34
369538245	6	6	0
369472752	8	7	1
369280203	21	12	9
368375795	5	5	0
368336679	10	8	2
368119031	8	7	1
367848099	10	6	4
367759246	5	3	2
367723332	8	5	3
367598216	6	6	0
367479431	9	7	2
367013889	8	7	1
366987672	63	25	38
366977662	12	9	3
366884496	6	6	0
366788081	2	2	0
366597196	3	3	0
366590467	8	7	1
366290515	6	6	0
366270704	6	6	0
366228961	13	8	5
366028187	12	9	3
365573051	6	6	0
365534889	6	6	0
365226129	8	7	1
364908696	6	6	0
364739246	38	17	21
364433945	52	24	28
364365485	3	3	0
364322157	5	5	0
364145294	29	16	13
364096957	6	6	0
363912642	26	12	14
363785350	3	3	0
363591630	5	5	0
363507401	6	6	0
363501973	9	6	3
363236916	5	5	0
363188996	2	2	0
363160801	12	8	4
363160745	6	6	0
362900909	6	6	0
362834238	6	6	0
362055218	3	3	0
362002153	6	6	0
361756202	5	5	0
361691792	6	6	0
361488710	6	6	0
361104044	6	6	0
360865891	3	3	0
360819236	8	7	1
360748987	6	6	0
360748661	3	3	0
360563176	6	6	0
360550838	6	6	0
360404899	8	7	1
360067460	5	5	0
359731268	5	5	0
359343310	10	7	3
359337210	10	8	2
359336997	8	7	1
359180054	5	5	0
359130529	3	3	0
359039922	10	8	2
358755158	3	3	0
358551901	6	6	0
358356165	1	1	0
358308684	11	8	3
358169909	5	5	0
357682272	23	12	11
357459755	8	5	3
357011440	8	5	3
356688276	4	4	0
356517851	12	7	5
355934060	6	6	0
355482050	12	5	7
355301373	6	6	0
355217659	6	6	0
354884368	18	12	6
354540211	11	8	3
354209751	12	9	3
354190355	12	8	4
353970410	5	4	1
353779556	6	6	0
353707140	35	18	17
353686535	6	6	0
353447596	10	8	2
353399790	6	6	0
353336580	8	7	1
353315583	6	6	0
352949993	14	8	6
352455699	20	11	9
352419040	29	13	16
352371946	6	6	0
352244753	1	1	0
352234491	2	2	0
351863355	6	6	0
351132434	8	6	2
350940670	28	16	12
350789900	6	5	1
350782441	6	6	0
350321982	6	6	0
350176900	23	13	10
349903273	5	5	0
349788855	13	8	5
349639447	19	13	6
349175678	9	7	2
348809745	3	3	0
348734394	6	6	0
348508457	6	6	0
348404290	6	6	0
348388791	5	5	0
347824043	2	2	0
347440265	14	10	4
347344977	1	1	0
347302999	6	6	0
347136627	54	24	30
346950294	18	8	10
346562099	8	7	1
346247878	8	5	3
346181883	13	10	3
346143374	6	6	0
346045222	5	5	0
346019820	9	7	2
345996385	5	5	0
345955930	2	2	0
345789611	9	7	2
345660395	6	6	0
345498607	29	14	15
345485384	15	6	9
345323578	3	3	0
343519664	1	1	0
343403224	5	5	0
343397371	19	12	7
343346868	12	9	3
343218834	3	3	0
343036196	6	6	0
342894015	5	5	0
342660875	6	6	0
342622078	9	7	2
342580698	6	6	0
342194469	5	5	0
342171425	6	6	0
342123958	6	6	0
342101028	9	7	2
341552615	13	5	8
341524795	1	1	0
341445462	2	2	0
341406849	6	6	0
341244455	2	2	0
341127650	9	5	4
341022840	6	6	0
340713001	6	6	0
340605772	6	6	0
340555423	14	10	4
340439522	8	5	3
339611210	11	6	5
339201016	8	5	3
339173577	9	7	2
338864861	6	6	0
338746509	6	6	0
338659058	1	1	0
338655320	5	5	0
338429807	5	5	0
338363750	31	16	15
338013661	6	6	0
337242029	6	6	0
337046225	6	6	0
337038428	11	8	3
337031402	6	6	0
336726601	6	6	0
336598965	6	6	0
336565044	6	6	0
336271241	9	7	2
336099576	3	3	0
336001167	2	2	0
335947315	8	7	1
335768852	2	2	0
335424609	6	6	0
335332437	6	6	0
335325605	11	8	3
334800879	6	6	0
334324817	1	1	0
334080564	11	8	3
334020852	6	6	0
333734385	16	10	6
333656747	6	6	0
333362480	6	6	0
333354129	3	3	0
333348142	6	6	0
333045527	15	10	5
332992380	6	6	0
332693558	6	6	0
331952350	6	6	0
331710039	30	19	11
331612683	5	5	0
330999625	6	6	0
330976309	5	4	1
330971424	3	3	0
330804215	5	5	0
330610496	6	6	0
330006206	20	11	9
329885860	12	8	4
329843098	6	6	0
329820763	14	10	4
329558289	3	3	0
329409201	6	6	0
329406890	6	6	0
329377425	9	7	2
329287667	13	9	4
329060408	1	1	0
328975131	11	7	4
328591156	10	8	2
328260039	6	6	0
328249089	8	7	1
328064913	6	6	0
327937019	6	6	0
327746065	21	11	10
327642316	17	10	7
327635264	14	9	5
327252292	6	6	0
327011341	3	3	0
327002884	8	5	3
326819281	5	5	0
326738076	6	6	0
326517385	9	7	2
326447160	8	7	1
326430841	17	11	6
326384045	32	12	20
325878326	3	3	0
325789777	6	6	0
325636802	12	7	5
325587977	8	7	1
325320017	25	14	11
325124131	5	5	0
325088416	2	2	0
325081241	3	3	0
324974551	2	2	0
324916979	9	7	2
324849918	11	8	3
324793666	8	7	1
324715704	9	7	2
324676434	6	6	0
324502767	5	5	0
324187628	3	3	0
324046376	12	9	3
323853097	2	2	0
323708821	8	7	1
323670328	7	5	2
323666578	6	6	0
323215848	11	8	3
323188289	6	6	0
323096999	25	13	12
323090382	6	6	0
323005185	6	6	0
322936086	24	10	14
322919896	11	8	3
322643062	4	3	1
322638486	13	8	5
322634001	2	2	0
322571388	6	6	0
322561585	8	5	3
322437362	23	13	10
322298397	5	5	0
322236592	2	2	0
321777997	8	5	3
321729769	5	5	0
321622215	20	12	8
321620229	19	12	7
321454066	3	3	0
321431293	8	7	1
321403206	8	5	3
321381771	6	6	0
321277422	6	6	0
321252004	12	9	3
321041291	28	16	12
320957130	6	6	0
320733939	3	3	0
320728597	6	6	0
320411687	6	6	0
320157265	8	7	1
319962047	5	5	0
319917427	6	6	0
319914382	1	1	0
319912806	34	19	15
319857217	6	6	0
319740061	7	5	2
319702871	16	10	6
319636176	5	5	0
319614178	12	9	3
319230248	3	3	0
319226497	1	1	0
319142574	10	6	4
319024841	6	6	0
318831133	7	4	3
318642594	6	6	0
318227439	14	9	5
318210036	6	6	0
317979671	12	9	3
317708722	15	8	7
317615745	6	6	0
317593362	9	6	3
317532131	24	12	12
317277957	20	9	11
317158660	2	2	0
317052723	6	4	2
316714390	23	15	8
316377127	6	6	0
316310330	4	3	1
316293781	2	2	0
316256035	6	6	0
316223434	8	7	1
316212743	9	7	2
316081554	6	6	0
315623246	3	3	0
315489650	5	5	0
315382001	6	6	0
315156561	10	8	2
314982102	5	5	0
314805363	54	22	32
314668238	5	5	0
314373322	6	6	0
314210248	10	7	3
314051408	17	9	8
313951080	8	6	2
313830530	3	3	0
313581241	10	7	3
313314620	6	6	0
313179595	6	6	0
312788127	6	6	0
312522366	30	16	14
312361165	14	8	6
312334789	5	5	0
312283471	6	6	0
312275010	10	7	3
312088586	5	5	0
311793386	8	6	2
311441950	7	6	1
311417856	8	7	1
311352947	5	5	0
311302966	8	5	3
311242775	22	13	9
310987435	6	6	0
310732987	12	7	5
310553970	11	8	3
310532669	6	6	0
310297434	5	4	1
310246864	6	6	0
310014185	6	6	0
310002547	32	16	16
310002547	32	16	16
309938534	6	6	0
309840208	10	8	2
309756697	8	7	1
309659075	20	11	9
309492923	6	6	0
309233077	10	8	2
309041140	6	6	0
308298232	14	9	5
308273941	1	1	0
308205173	6	6	0
308154868	13	6	7
308079019	6	6	0
307809746	11	8	3
307791065	25	11	14
307587949	8	6	2
307467543	11	6	5
307220496	6	6	0
307130288	6	6	0
307056243	7	5	2
306856343	6	6	0
306610799	1	1	0
306588287	6	6	0
306372850	5	5	0
306036032	53	27	26
306014728	10	8	2
305839967	6	6	0
305627407	2	2	0
305600232	6	6	0
305598179	15	11	4
305532968	5	5	0
305449947	13	10	3
305093594	6	4	2
304741397	16	8	8
304708825	3	3	0
304629572	13	7	6
304578465	6	6	0
304485706	6	6	0
304365229	35	19	16
304347798	6	6	0
304313662	6	6	0
303973604	3	3	0
303840257	7	5	2
303829551	6	6	0
303824664	1	1	0
303658147	2	2	0
303312564	6	6	0
303227218	5	5	0
303187613	11	6	5
302847624	24	14	10
302801577	6	6	0
302770972	11	8	3
302641921	9	7	2
302455920	6	6	0
302428123	8	7	1
302324463	22	13	9
302236808	6	6	0
302219184	6	6	0
302168230	16	8	8
302162544	16	10	6
302160533	12	9	3
302109539	3	3	0
301927071	6	6	0
301853795	3	3	0
301620104	14	10	4
301581093	6	6	0
301419024	9	7	2
301353133	3	3	0
301263550	36	21	15
301233261	9	8	1
301187697	9	7	2
301099459	8	7	1
300650058	24	14	10
300478411	3	3	0
300272258	6	6	0
300140534	8	7	1
299984300	13	7	6
299937269	6	6	0
299812967	10	4	6
299756168	6	6	0
299667000	6	6	0
299642030	12	7	5
299517044	3	3	0
299362062	6	6	0
299225382	8	3	5
299192811	3	3	0
298913099	13	9	4
298753037	3	3	0
298720502	26	14	12
298673737	10	8	2
298518011	10	8	2
298265730	6	6	0
297872807	22	13	9
297842407	15	9	6
297743499	14	9	5
297673464	20	9	11
297551454	6	4	2
297356798	9	7	2
297114023	8	7	1
296912879	14	10	4
296879089	6	6	0
296390514	6	6	0
296094512	21	14	7
296083207	8	7	1
295909719	3	3	0
295807780	17	9	8
295807169	16	10	6
295644099	3	3	0
295399258	5	5	0
295271190	16	11	5
295211964	11	8	3
295137021	3	3	0
295061433	3	3	0
295051445	6	6	0
294923056	5	5	0
294846469	6	5	1
294797138	6	6	0
294781660	6	6	0
294732774	27	15	12
294724771	6	6	0
294652275	6	6	0
294614260	6	6	0
294583328	6	6	0
294558671	13	8	5
294310824	6	6	0
294292490	14	10	4
293858832	6	6	0
293735278	33	16	17
293501791	21	12	9
293371176	6	6	0
292856324	5	5	0
292793262	9	7	2
292428514	6	6	0
292409373	5	5	0
292398157	7	4	3
292320655	5	5	0
292258633	8	7	1
292068435	3	3	0
291963274	13	9	4
291942296	4	4	0
291611533	6	6	0
291325827	6	6	0
291225843	3	3	0
291214528	7	6	1
291187570	3	3	0
291129196	12	7	5
291047221	14	9	5
290770684	5	5	0
290743028	8	7	1
290733572	10	8	2
290619241	18	9	9
290596752	5	5	0
290152862	6	6	0
290082175	6	6	0
289962148	2	2	0
289835980	32	20	12
289795150	3	3	0
289660437	10	8	2
289659549	3	3	0
289626232	6	6	0
289568876	7	6	1
289497545	8	7	1
289419515	11	7	4
289305859	5	5	0
289106018	5	5	0
288750995	10	7	3
288632666	6	6	0
288601187	15	9	6
288472015	11	7	4
288450810	6	6	0
288438803	9	7	2
288156556	3	3	0
288103136	10	8	2
287935209	2	2	0
287818978	26	16	10
287646089	6	6	0
287614881	6	6	0
287609555	6	6	0
287538985	1	1	0
287355182	11	8	3
286838728	25	17	8
286655565	1	1	0
286563661	13	7	6
286491003	3	3	0
286284321	12	8	4
286271170	5	5	0
286265568	3	3	0
286201567	5	5	0
286082802	11	6	5
286073663	9	6	3
285912308	21	8	13
285786736	8	6	2
285726277	2	2	0
285605080	3	3	0
285503479	6	6	0
285176236	9	7	2
285064548	6	6	0
285047360	6	6	0
285006036	6	6	0
284976770	1	1	0
284943737	23	13	10
284925646	24	12	12
284542981	6	6	0
284512540	3	3	0
284488014	16	8	8
284481557	6	6	0
284424188	8	7	1
284323743	5	4	1
284123414	2	2	0
283912215	5	5	0
283603723	6	6	0
283482045	8	7	1
283295032	10	7	3
282984944	6	6	0
282790895	5	5	0
282446454	7	6	1
282345887	6	6	0
281952661	2	2	0
281921544	8	7	1
281877381	27	12	15
281504682	8	7	1
281154585	6	6	0
280735828	2	2	0
280733121	6	6	0
280621076	6	6	0
280566379	7	6	1
280421256	6	6	0
280347749	10	7	3
280336920	24	15	9
280225877	3	3	0
280209315	5	5	0
279748173	6	6	0
279718230	3	3	0
279578927	12	9	3
279530612	17	11	6
279489741	6	6	0
279421132	12	8	4
279284716	30	15	15
279128890	8	7	1
279076378	5	5	0
278703967	6	6	0
278638989	5	5	0
278380674	15	9	6
278262819	3	3	0
278097180	16	10	6
278073719	6	6	0
277909753	10	8	2
277843740	5	3	2
277726667	12	9	3
277711247	13	8	5
277641581	28	11	17
277451209	9	5	4
277391949	19	13	6
277159377	16	11	5
276823958	6	6	0
276680793	9	7	2
276665812	3	3	0
276623235	6	6	0
276301600	8	7	1
276236952	9	7	2
276018686	12	8	4
275951736	8	7	1
275818877	1	1	0
275687917	22	13	9
275444132	10	6	4
275258846	6	6	0
275040228	6	6	0
275002818	5	5	0
274880425	10	7	3
274865236	11	8	3
274517968	12	9	3
274327176	6	6	0
274229027	3	3	0
274086224	6	4	2
274026854	6	6	0
274011727	6	6	0
273933387	10	8	2
273892796	18	10	8
273769085	6	6	0
273614266	6	6	0
273467404	3	3	0
273379040	6	6	0
273333197	1	1	0
273269586	3	3	0
273269166	19	13	6
273244556	1	1	0
273228644	10	7	3
273224148	17	10	7
273100447	3	3	0
273093557	7	6	1
273070082	3	3	0
272958060	10	8	2
272927358	8	7	1
272917942	5	5	0
272872676	6	6	0
272688640	6	6	0
272548921	5	5	0
272493194	2	2	0
272100204	6	6	0
271809698	11	8	3
271647247	6	6	0
271568114	11	7	4
271565970	6	6	0
271467886	6	6	0
271306269	19	11	8
271221235	5	5	0
271220266	6	6	0
271149282	6	6	0
270510128	7	6	1
270129543	9	7	2
270080891	10	9	1
270020126	3	3	0
270011281	20	13	7
269812451	2	2	0
269756141	6	6	0
269747585	3	3	0
269738774	5	5	0
269735915	8	6	2
269712347	6	4	2
269631044	8	7	1
269589474	6	6	0
269557875	6	6	0
269488932	6	6	0
269477052	8	7	1
269226579	5	5	0
269099846	6	6	0
269088652	12	9	3
269031326	18	9	9
268998831	6	6	0
268932846	8	7	1
268727793	9	7	2
268486198	6	6	0
268475926	6	6	0
268308422	9	7	2
268002550	5	5	0
267991952	6	6	0
267975395	5	5	0
267864268	2	2	0
267863470	3	2	1
267747458	2	2	0
267745731	10	7	3
267657348	2	2	0
267487261	17	8	9
267310427	13	7	6
267307177	5	4	1
267273497	5	5	0
267218749	8	7	1
267188982	2	2	0
267158898	5	5	0
267080712	5	5	0
266926770	5	5	0
266868195	6	6	0
266866807	11	7	4
266652680	6	6	0
266617237	6	6	0
266596767	6	6	0
266519105	10	8	2
266471879	9	7	2
266430460	2	2	0
265952694	6	6	0
265717000	9	7	2
265702643	9	6	3
265353899	6	4	2
265245767	6	6	0
265101247	21	12	9
264935103	6	6	0
264846275	12	8	4
264842208	6	6	0
264673719	9	6	3
264651811	9	7	2
264648628	8	5	3
264636955	26	15	11
264482675	12	9	3
264374333	25	13	12
264327676	27	16	11
263790158	10	8	2
263703258	4	4	0
263532685	3	3	0
263447507	3	3	0
263408044	10	8	2
263401659	5	5	0
263288514	11	8	3
263156193	6	6	0
263056972	2	2	0
262956487	3	3	0
262836421	6	6	0
262801449	14	9	5
262683798	8	4	4
262563925	6	6	0
262550309	5	5	0
262333201	17	10	7
262293173	8	6	2
262279073	3	3	0
262221990	5	5	0
262209599	10	8	2
262038648	6	6	0
262001140	6	6	0
261948160	3	3	0
261756965	5	5	0
261711615	6	6	0
261557434	7	6	1
261532544	1	1	0
261346769	10	8	2
261244042	6	6	0
261181725	5	5	0
261048922	7	6	1
260913491	3	3	0
260765915	9	7	2
260350800	6	6	0
260289340	11	8	3
260234000	12	8	4
260233769	12	7	5
260056634	17	11	6
259955720	5	5	0
259623032	6	6	0
259519158	3	3	0
259477937	3	3	0
259394814	5	5	0
259386707	3	3	0
259264994	6	6	0
259255799	7	5	2
259094305	7	6	1
258974084	8	7	1
258925218	8	7	1
258922741	38	15	23
258837851	3	3	0
258714291	13	8	5
258663461	8	6	2
258640294	11	9	2
258618281	6	6	0
258571170	4	4	0
258475375	13	9	4
258466864	11	8	3
258430846	9	7	2
258382225	2	2	0
258337164	20	10	10
258257602	5	5	0
258217397	17	11	6
258072333	8	6	2
257894435	10	8	2
257391263	8	6	2
257369840	3	3	0
257369629	3	3	0
257306664	5	5	0
257075082	6	6	0
257046734	5	5	0
257036880	9	7	2
256963039	6	6	0
256876051	3	3	0
256871971	6	6	0
256865704	24	13	11
256628535	5	5	0
256596022	20	12	8
256574370	6	6	0
256371224	3	3	0
256366859	12	9	3
256359031	12	9	3
256138264	21	13	8
256008675	10	6	4
255794800	15	7	8
255642488	6	6	0
255631328	8	7	1
255596048	5	5	0
255590709	6	6	0
255589286	6	6	0
255569245	1	1	0
255534232	11	8	3
255474388	5	5	0
255302474	3	3	0
255183719	6	6	0
255014591	8	7	1
254878137	14	10	4
254568987	6	6	0
254560775	6	4	2
254401919	6	6	0
254175742	15	9	6
254171588	3	3	0
254088537	18	10	8
253872333	6	6	0
253608244	9	5	4
253568273	10	8	2
253503503	5	5	0
253324460	3	3	0
253295026	1	1	0
253100565	8	6	2
253086718	10	5	5
252674851	3	3	0
252575187	5	4	1
252575019	49	26	23
252569527	3	3	0
252376032	8	7	1
252288226	22	11	11
252190887	6	6	0
252150131	18	11	7
251946438	6	6	0
251728451	6	6	0
251603179	3	3	0
251556174	2	2	0
251545134	10	8	2
251484558	1	1	0
251470277	7	5	2
251205064	5	5	0
251131230	7	6	1
250792006	14	9	5
250588574	11	9	2
250583938	13	7	6
250563222	6	6	0
250553792	2	2	0
250511444	3	3	0
250448068	11	8	3
250424673	13	7	6
250402776	5	5	0
250368578	2	2	0
250294265	5	5	0
250279227	6	6	0
250278510	5	5	0
250238144	6	6	0
250197288	6	6	0
250169639	9	8	1
250081573	6	6	0
249917576	6	6	0
249737358	6	6	0
249710637	3	3	0
249681909	64	31	33
249604027	6	6	0
249490983	5	5	0
249463268	10	6	4
249459369	11	9	2
249412101	6	6	0
249366587	10	8	2
249333678	17	11	6
249289797	19	10	9
249254837	12	9	3
249254760	17	9	8
249161176	6	6	0
249089595	5	5	0
249079548	11	7	4
248915214	12	9	3
248861133	2	2	0
248754362	6	6	0
248647896	6	6	0
248643109	6	6	0
248490675	10	8	2
248441571	20	11	9
248435611	8	7	1
248434643	11	8	3
248378027	2	2	0
248169583	4	3	1
247978789	6	6	0
247923741	15	10	5
247909756	6	6	0
247860497	3	3	0
247853156	11	8	3
247763856	45	14	31
247750596	12	9	3
247560766	3	3	0
247487365	13	10	3
247372411	6	6	0
247298547	6	6	0
247283655	8	7	1
247098164	8	7	1
246867922	6	6	0
246777326	16	11	5
246655836	6	6	0
246607639	5	5	0
246551129	5	5	0
246510504	6	6	0
246226371	2	2	0
245951742	8	7	1
245891210	6	4	2
245878218	6	6	0
245797486	12	9	3
245758116	12	9	3
245666483	6	6	0
245473593	11	6	5
245471192	5	5	0
245254162	20	11	9
245222249	21	13	8
245164135	16	12	4
245119428	6	6	0
245056798	5	5	0
244887184	5	5	0
244867283	10	8	2
244803268	6	6	0
244661125	20	12	8
244633911	16	9	7
244603006	15	9	6
244472492	14	9	5
244196474	8	6	2
244101686	11	7	4
243839057	7	6	1
243609972	22	12	10
243526104	1	1	0
243316065	5	5	0
243304850	5	5	0
243260366	11	8	3
243218542	2	2	0
242972949	6	6	0
242614770	5	5	0
242604180	21	13	8
242290055	4	3	1
242005965	5	5	0
241975006	14	8	6
241809913	2	2	0
241736752	9	7	2
241622061	6	6	0
241621646	6	6	0
241554222	4	4	0
241348585	12	10	2
241227296	22	11	11
241025692	6	6	0
240731347	3	3	0
240670384	6	6	0
240645798	6	6	0
240454401	11	7	4
240378881	5	5	0
240366103	21	12	9
240339383	6	6	0
240335733	6	6	0
240317071	6	6	0
240289870	10	8	2
240148062	6	6	0
240118149	9	7	2
240100811	5	5	0
240063989	21	13	8
240020120	6	6	0
240012625	1	1	0
239936130	8	7	1
239842495	5	5	0
239834274	5	5	0
239833450	6	6	0
239678622	3	3	0
239650013	22	12	10
239617844	6	6	0
239470082	6	6	0
239440575	7	6	1
239384881	6	6	0
239268232	13	10	3
239148434	7	5	2
239082034	9	7	2
238962909	14	8	6
238705758	3	3	0
238454223	12	9	3
238431877	6	6	0
238365248	6	6	0
238281512	1	1	0
238243979	3	3	0
238241465	7	6	1
238069211	2	2	0
238061465	6	6	0
237982114	11	7	4
237919056	17	10	7
237917457	5	5	0
237840036	6	6	0
237807898	6	4	2
237766500	10	8	2
237699885	6	6	0
237649862	13	9	4
237551337	10	8	2
237500890	3	3	0
237361987	3	3	0
237289501	25	13	12
237274470	8	7	1
237210411	6	6	0
237026628	6	6	0
236947933	3	3	0
236933548	2	2	0
236915409	10	8	2
236912965	19	13	6
236894693	3	3	0
236828374	10	7	3
236828089	15	10	5
236746453	6	6	0
236693347	2	2	0
236654539	5	5	0
236542784	6	6	0
236510747	10	8	2
235990072	19	12	7
235779288	10	8	2
235448466	3	3	0
235429470	6	6	0
235379055	6	6	0
235358984	17	11	6
235346546	21	15	6
235264116	3	3	0
235198248	6	6	0
234830450	20	12	8
234773098	1	1	0
234765263	11	8	3
234720216	4	4	0
234589598	11	7	4
234587956	11	8	3
234402070	6	6	0
234304844	6	6	0
234302629	9	7	2
234294027	5	5	0
234281907	12	8	4
234176382	6	6	0
234121353	10	7	3
234069711	14	10	4
234046768	3	3	0
234027073	10	8	2
233994806	12	5	7
233971600	6	6	0
233970092	6	6	0
233869677	12	8	4
233731030	6	6	0
233572197	11	8	3
233517953	6	6	0
233445402	6	6	0
233431602	11	5	6
233395000	6	6	0
233384593	6	6	0
233335582	2	2	0
233286712	6	6	0
233250253	10	7	3
233190121	6	6	0
233152471	2	2	0
233137547	3	3	0
233119954	6	6	0
233116003	2	2	0
233096595	6	6	0
233036631	5	5	0
233031105	13	9	4
232884737	17	11	6
232872103	12	9	3
232800891	5	5	0
232798626	6	6	0
232713916	6	6	0
232707233	13	8	5
232345512	2	2	0
232126760	1	1	0
232084292	1	1	0
231974164	10	8	2
231910385	6	6	0
231714733	5	5	0
231587539	7	6	1
231569782	11	8	3
231499377	13	9	4
231466841	8	7	1
231425524	2	2	0
231355555	25	13	12
231331136	6	6	0
231318841	6	6	0
231293653	2	2	0
231231323	6	6	0
231200740	3	3	0
231071793	5	5	0
230683760	6	6	0
230591223	13	7	6
230573178	6	6	0
230461720	11	6	5
230421776	11	8	3
230331634	12	10	2
230321705	5	5	0
230163325	5	3	2
230136664	2	2	0
229916570	6	6	0
229792710	6	6	0
229789786	8	7	1
229763316	8	7	1
229724298	6	6	0
229707437	5	3	2
229691365	6	6	0
229596232	4	4	0
229583711	16	11	5
229534961	8	7	1
229286461	10	8	2
229102810	6	6	0
229094541	6	6	0
229053529	20	11	9
228999645	8	7	1
228959900	9	7	2
228871623	20	10	10
228864854	11	8	3
228863342	6	6	0
228793122	23	14	9
228746958	2	2	0
228644055	6	6	0
228561505	10	8	2
228471825	6	6	0
228437995	1	1	0
228241762	6	6	0
228127761	6	6	0
228125524	6	6	0
228088119	9	7	2
228040123	9	7	2
228037601	6	6	0
228030874	5	5	0
227996526	5	4	1
227937336	21	10	11
227922849	8	6	2
227792679	6	6	0
227679294	6	6	0
227655324	6	6	0
227654955	6	6	0
227643878	6	6	0
227470396	10	8	2
227314568	8	7	1
227310160	5	5	0
227296940	60	23	37
227162090	14	9	5
227085590	6	6	0
227079283	5	5	0
227054038	5	5	0
227024973	5	4	1
227017483	11	8	3
226808927	2	2	0
226739029	6	6	0
226538598	5	5	0
226339290	6	6	0
226246835	5	5	0
226232211	9	7	2
226048216	8	7	1
226006090	5	5	0
225993958	6	6	0
225993565	10	8	2
225941987	6	6	0
225896580	18	9	9
225726720	6	6	0
225580234	9	7	2
225575866	11	8	3
225539846	8	7	1
225492905	8	7	1
225484261	11	8	3
225445164	6	6	0
225398725	10	8	2
225376741	6	6	0
225348954	7	6	1
225277624	15	12	3
225269979	10	8	2
225064949	9	7	2
225061540	6	6	0
225042595	5	5	0
224989247	9	7	2
224973274	6	6	0
224829531	6	6	0
224806485	10	8	2
224786725	6	6	0
224754326	6	6	0
224749326	9	7	2
224735634	10	8	2
224600939	6	6	0
224531902	26	13	13
224528573	6	6	0
224370089	15	9	6
224354162	7	6	1
224335657	14	7	7
224286385	6	6	0
224273389	6	6	0
224253870	15	8	7
224234046	6	6	0
224230212	12	9	3
224186040	6	6	0
224177688	7	6	1
224135978	10	8	2
224022075	13	9	4
224007659	10	6	4
224007065	28	13	15
223962623	3	3	0
223904089	6	6	0
223866451	6	6	0
223854303	16	11	5
223847772	3	3	0
223800206	8	7	1
223722685	6	6	0
223709512	7	5	2
223700932	6	6	0
223679771	7	6	1
223672114	18	9	9
223640880	5	5	0
223626365	18	10	8
223468926	3	3	0
223425454	6	6	0
223380647	6	6	0
223250761	7	5	2
223189150	8	7	1
223188915	8	7	1
223129198	19	11	8
223095621	12	8	4
223029147	10	8	2
222884290	12	8	4
222720740	6	6	0
222664250	6	6	0
222648682	40	19	21
222503913	3	3	0
222220361	12	9	3
222165722	13	9	4
222148192	6	6	0
222102365	8	7	1
221996044	5	5	0
221961184	6	6	0
221930886	6	6	0
221802851	8	7	1
221775819	15	10	5
221749658	6	6	0
221681068	8	7	1
221605138	13	8	5
221598724	9	8	1
221580258	2	2	0
221546223	3	3	0
221480447	12	8	4
221209987	14	9	5
221148427	6	6	0
221124176	5	5	0
221054222	1	1	0
220888966	1	1	0
220827176	5	5	0
220815772	8	7	1
220665788	5	5	0
220590876	6	6	0
220496092	2	2	0
220450310	5	5	0
220433322	6	6	0
220429088	5	5	0
220382332	3	3	0
220293912	5	5	0
220284523	6	6	0
220203323	5	5	0
220200080	6	6	0
220094730	7	6	1
220092329	16	11	5
220069212	2	2	0
220068171	8	7	1
219976128	1	1	0
219743942	5	5	0
219712475	6	6	0
219679752	26	13	13
219601345	5	4	1
219480213	5	5	0
219337160	2	2	0
219178408	7	5	2
219165007	6	6	0
219074752	6	6	0
218974511	8	7	1
218951125	6	6	0
218731600	6	6	0
218642967	3	3	0
218493829	6	6	0
218413149	2	2	0
218314174	6	6	0
218230828	11	8	3
218200077	16	11	5
218077332	6	6	0
217875363	11	8	3
217717451	5	5	0
217619983	15	9	6
217617079	13	10	3
217518444	6	4	2
217338913	6	6	0
217258936	10	8	2
217092006	12	7	5
217087853	5	5	0
217007321	6	6	0
216848013	16	10	6
216826984	15	10	5
216804034	6	5	1
216642322	10	8	2
216556941	6	6	0
216540369	6	4	2
216503409	9	7	2
216459604	1	1	0
216432710	21	11	10
216420387	6	6	0
216416963	27	13	14
216365126	5	5	0
216222028	34	19	15
216221581	6	6	0
216072782	4	3	1
216052993	6	6	0
216022832	9	7	2
215947587	5	5	0
215938850	3	3	0
215877796	2	2	0
215845148	18	8	10
215716452	6	6	0
215707856	5	5	0
215575279	7	4	3
215534446	130	57	73
215514624	8	6	2
215488834	2	2	0
215368434	3	3	0
215348270	25	14	11
215298185	6	6	0
215297973	3	3	0
215283037	28	15	13
215271219	6	6	0
215183060	20	12	8
215112957	6	6	0
215038036	6	6	0
215029623	1	1	0
214987403	16	11	5
214903241	2	2	0
214681989	5	5	0
214660320	6	6	0
214585580	5	5	0
214517589	6	6	0
214379834	6	6	0
214299183	2	2	0
213947145	16	11	5
213892496	13	9	4
213802280	11	8	3
213783168	21	14	7
213685928	2	2	0
213674428	13	9	4
213593334	18	12	6
213566432	5	5	0
213564877	5	3	2
213475159	3	3	0
213458843	3	3	0
213397291	7	6	1
213384037	6	6	0
212775788	3	3	0
212759699	6	6	0
212598585	3	3	0
212564886	6	6	0
212379132	2	2	0
212352811	6	6	0
212341419	8	7	1
212288090	6	6	0
212258673	5	5	0
212146397	7	4	3
212077419	6	6	0
212038420	17	12	5
211970901	12	8	4
211952118	16	11	5
211840254	6	6	0
211839083	6	6	0
211784083	35	18	17
211776693	6	6	0
211760325	9	5	4
211700013	2	2	0
211675395	6	6	0
211673337	5	5	0
211587615	6	6	0
211448517	14	9	5
211427331	4	4	0
211409415	6	6	0
211406020	1	1	0
211288084	3	3	0
211134043	6	6	0
211069716	6	6	0
210991399	5	5	0
210960463	3	3	0
210895568	39	20	19
210845396	20	12	8
210798929	6	6	0
210693280	15	10	5
210393395	6	6	0
210358675	6	6	0
210153143	8	7	1
210112860	7	3	4
210111978	6	6	0
210019798	8	7	1
209899185	4	3	1
209770764	12	8	4
204431476	45	27	18
209767777	9	7	2
209655208	10	8	2
209582438	10	8	2
209420132	12	6	6
209346978	6	6	0
209345497	8	7	1
209154721	6	6	0
209133082	6	6	0
209092223	13	9	4
208903873	11	8	3
208778658	18	11	7
208685785	39	22	17
208584209	10	8	2
208559087	23	12	11
208537032	3	3	0
208468453	6	6	0
208466516	2	2	0
208377589	5	5	0
208356144	11	6	5
208152886	10	8	2
208102605	10	8	2
208086653	10	5	5
50579421	10	5	5
208040475	15	9	6
207924022	29	15	14
207893379	6	6	0
207864538	6	6	0
207778798	3	3	0
207714009	6	6	0
207535352	8	7	1
207526298	13	9	4
207342015	6	6	0
207322315	6	6	0
207048547	3	3	0
206993998	2	2	0
206991592	12	8	4
206981410	6	6	0
206932495	11	8	3
206767516	6	6	0
206701559	2	2	0
206690251	6	6	0
206626294	3	3	0
206583170	5	4	1
206520260	6	6	0
206488744	13	9	4
206473924	7	5	2
206382442	8	5	3
206321270	6	6	0
206294676	6	6	0
206093114	5	5	0
206071348	3	3	0
205932109	10	8	2
205931988	6	6	0
205781282	3	3	0
205705885	3	3	0
205642911	32	17	15
205587848	11	7	4
205576756	9	7	2
205458088	11	8	3
205421853	14	9	5
205348747	6	6	0
205308860	9	8	1
205251660	5	4	1
205222681	6	6	0
205209578	6	6	0
204931366	9	7	2
204869868	11	8	3
204857139	23	11	12
204836468	2	2	0
204815334	5	5	0
204815084	6	6	0
204759076	7	6	1
204694338	6	6	0
204606500	9	7	2
204446752	6	6	0
204438811	10	7	3
204408589	6	6	0
204380793	12	9	3
204372821	6	6	0
204350963	6	6	0
204255247	6	6	0
204213710	12	8	4
204206636	2	2	0
204042847	5	5	0
204012956	6	6	0
203982608	34	21	13
203974757	6	6	0
203959174	10	8	2
203815807	13	9	4
203762077	13	9	4
203750610	5	5	0
203677804	5	5	0
203610913	9	7	2
203541897	3	3	0
203538014	6	6	0
203511656	6	6	0
203421712	18	10	8
203408041	2	2	0
203373320	14	9	5
203277021	6	6	0
203242097	17	9	8
203208788	12	8	4
203198666	14	9	5
203176779	5	5	0
203170094	3	3	0
203063442	22	12	10
203040640	14	10	4
202975123	6	6	0
202943046	17	12	5
202654541	5	5	0
202610233	1	1	0
202606688	9	6	3
202466467	6	6	0
202318960	70	36	34
202283160	14	9	5
202272285	5	5	0
202191289	6	6	0
202172088	1	1	0
202108114	10	6	4
202091086	19	10	9
202080181	2	2	0
202057630	6	6	0
202024591	13	9	4
202015383	9	7	2
201804048	23	8	15
201802729	5	5	0
201676495	7	6	1
201614291	5	5	0
201569163	15	9	6
201537326	6	6	0
201479749	8	7	1
201473861	10	8	2
201275204	7	6	1
201215388	13	9	4
201154596	6	6	0
200969097	2	2	0
200551632	6	6	0
200434157	6	6	0
200413179	6	6	0
200380532	8	7	1
200372680	6	6	0
200226441	6	6	0
200200852	25	13	12
200111976	6	6	0
200109703	6	6	0
199974718	2	2	0
199973974	5	5	0
199894656	8	7	1
199838460	3	3	0
199728438	2	2	0
199644852	2	2	0
199566040	6	6	0
199537918	7	6	1
199487932	15	11	4
199471751	6	6	0
199441507	5	5	0
199229546	8	7	1
199152334	6	6	0
199095357	6	6	0
199013028	20	11	9
198975930	14	9	5
198705608	6	6	0
198690128	6	6	0
198676759	7	5	2
198662585	11	8	3
198648817	10	7	3
198562713	6	6	0
198562064	17	9	8
198553118	5	3	2
198453323	21	12	9
198446764	16	9	7
198422813	6	6	0
198344647	6	6	0
198330287	10	7	3
198249920	9	7	2
198237523	6	5	1
198234627	6	6	0
198229340	11	8	3
198205833	9	6	3
198198810	7	6	1
198109065	6	6	0
198102272	5	5	0
197750163	6	6	0
197599949	5	5	0
197524246	11	8	3
197405161	6	6	0
197402633	6	6	0
197351343	6	6	0
197266480	13	9	4
197183723	8	6	2
197176569	8	7	1
197132224	9	7	2
196797804	2	2	0
196766997	6	6	0
196645745	5	4	1
196643953	6	6	0
196609870	5	5	0
196580300	5	5	0
196513674	6	6	0
196507323	13	8	5
196505940	3	3	0
196461695	8	7	1
196390051	1	1	0
196262909	37	20	17
196251550	11	8	3
196188357	6	6	0
195939844	3	3	0
195922570	6	6	0
195905439	6	6	0
195893811	12	8	4
195821696	6	6	0
195511166	6	6	0
195433466	2	2	0
195403632	6	6	0
195312566	4	3	1
195306382	1	1	0
195246992	2	2	0
195244557	3	3	0
195204746	2	2	0
195197224	16	10	6
195152361	6	6	0
195032656	2	2	0
194962909	5	5	0
194933041	5	5	0
194908584	9	7	2
194882222	3	3	0
194864007	5	5	0
194805400	2	2	0
194784545	6	6	0
194654442	3	3	0
194594805	6	6	0
194584754	3	3	0
194532686	14	10	4
194471273	6	5	1
194443608	3	3	0
194316192	54	24	30
194300310	6	6	0
194249233	5	5	0
194243558	12	6	6
194210177	6	6	0
194144557	12	7	5
194136654	6	6	0
194119412	6	6	0
194111217	6	6	0
194108313	3	3	0
193925839	5	5	0
193910094	2	2	0
193899547	5	5	0
193879332	6	6	0
193774198	2	2	0
193770943	6	6	0
193653911	9	7	2
193334450	13	8	5
193272344	6	6	0
193188385	6	6	0
193176139	17	11	6
193107108	5	5	0
193079119	6	6	0
193070131	10	6	4
192873163	2	2	0
192612996	48	22	26
192592811	6	6	0
192570995	64	38	26
192391241	16	10	6
192375071	6	6	0
192268393	11	8	3
192245460	6	6	0
192237610	6	6	0
192058563	2	2	0
191932998	3	3	0
191899843	6	6	0
191883255	2	2	0
191850048	4	4	0
191794750	8	6	2
191763361	5	5	0
191668285	17	11	6
191580446	6	6	0
191467782	2	2	0
191331870	10	6	4
191192353	25	12	13
191127911	6	6	0
191102381	10	8	2
191022891	3	3	0
190976142	6	6	0
190903891	7	6	1
190889797	1	1	0
190852143	2	2	0
190775293	6	6	0
190665649	9	7	2
190653488	9	5	4
190649608	14	7	7
190499254	5	5	0
190433126	10	8	2
190383371	14	8	6
190234223	21	12	9
190206932	17	9	8
190075673	13	8	5
189819763	6	6	0
189800919	6	6	0
189789406	1	1	0
189353886	3	3	0
189295660	2	2	0
189173901	6	6	0
189130110	6	6	0
188962080	6	6	0
188947245	8	7	1
188895471	1	1	0
188826116	6	6	0
188718163	6	6	0
188715089	3	3	0
188692221	5	4	1
188649208	6	6	0
188541172	2	2	0
188525971	3	3	0
188458735	3	3	0
188332111	19	11	8
188307978	2	2	0
188248080	15	9	6
188239680	23	16	7
188235649	6	6	0
188161288	10	8	2
188134700	12	8	4
188106307	7	6	1
188083318	3	3	0
188049610	2	2	0
187986890	12	8	4
187979058	6	6	0
187674806	11	7	4
187672091	8	7	1
187636874	6	6	0
187532050	15	7	8
187421374	3	3	0
187372851	9	7	2
187267231	5	5	0
187214353	12	9	3
187157508	5	5	0
187111003	6	6	0
187058955	21	14	7
187052571	10	8	2
187019849	6	6	0
186946342	6	6	0
186900383	6	6	0
186806330	5	5	0
186755550	8	7	1
186722361	6	6	0
186493218	2	2	0
186467646	2	2	0
186327107	5	5	0
186275362	11	6	5
186143051	3	3	0
186081308	6	6	0
186063494	2	2	0
186005786	23	11	12
185804216	6	6	0
185625785	6	6	0
185618290	24	11	13
185617740	8	5	3
185608147	8	7	1
185596054	5	4	1
185384338	12	9	3
185377440	6	6	0
185303354	21	13	8
185106235	6	6	0
185049336	17	9	8
185007205	14	11	3
184862661	6	6	0
184813419	6	6	0
184794340	3	3	0
184737117	16	10	6
184702475	6	6	0
184702174	5	5	0
184697567	5	5	0
184690387	6	6	0
184620764	10	7	3
184604748	17	8	9
184556000	3	3	0
184475600	10	8	2
184466716	10	5	5
184363882	10	8	2
184193533	11	8	3
184190412	3	3	0
184178906	6	6	0
184166688	6	6	0
184071164	6	6	0
184043728	10	6	4
183989368	5	5	0
183984039	2	2	0
183983486	23	12	11
183877969	6	6	0
183756431	6	6	0
183675282	6	6	0
183602573	1	1	0
183579353	6	6	0
183540815	7	6	1
183438709	6	6	0
183417517	6	6	0
183320860	6	6	0
183309105	6	6	0
183254493	17	11	6
183203047	2	2	0
183010492	8	7	1
183009130	12	9	3
182982398	16	8	8
182917945	6	6	0
182915589	6	6	0
182863747	6	6	0
182802054	6	6	0
182799896	1	1	0
182794181	6	6	0
182747866	18	8	10
182615765	3	3	0
182514658	8	7	1
182475373	9	8	1
182473270	6	5	1
182406523	3	3	0
182372261	6	6	0
182360599	6	6	0
182306658	24	12	12
182301424	40	20	20
182290777	6	6	0
182257078	6	6	0
182202112	2	2	0
182125072	3	3	0
182119323	3	3	0
182088041	44	24	20
182048263	3	3	0
182041090	6	6	0
182033439	11	8	3
182032550	16	9	7
182028997	9	7	2
182002720	17	12	5
181932375	6	6	0
181913953	6	5	1
181815313	13	9	4
181806025	17	11	6
181804131	18	11	7
181766125	6	6	0
181696318	8	7	1
181678837	6	6	0
181641629	8	7	1
181601231	1	1	0
181555111	4	3	1
181536351	6	6	0
181532393	6	6	0
181519938	5	5	0
181505165	6	6	0
181488104	6	6	0
181456301	5	5	0
181352240	3	3	0
181329852	5	5	0
181246250	13	7	6
181204735	9	7	2
181191805	15	9	6
181191134	18	10	8
181118811	3	3	0
181117196	7	6	1
181110701	6	6	0
181108367	6	4	2
181104728	5	5	0
181083416	6	6	0
181021865	6	6	0
181001720	11	7	4
180964739	6	6	0
180899944	9	7	2
180811915	11	8	3
180774724	14	10	4
180704852	13	7	6
180689050	6	6	0
180682201	5	3	2
180598624	6	6	0
180484724	10	7	3
180462716	23	11	12
180441691	6	6	0
180373032	2	2	0
180360775	3	3	0
180332712	6	4	2
180186349	5	5	0
180174464	8	7	1
180160064	12	8	4
180140389	2	2	0
180000718	35	15	20
179954913	6	6	0
179928629	3	3	0
179905375	3	3	0
179816400	6	6	0
179814765	6	6	0
179707919	6	6	0
179629986	6	6	0
179620235	5	5	0
179457549	5	5	0
179434760	27	16	11
179417589	6	6	0
179372721	6	6	0
179356442	7	6	1
179354568	6	6	0
179354264	6	6	0
179301576	6	6	0
179294603	5	5	0
179113762	6	6	0
179026125	6	6	0
178845795	7	5	2
178801808	5	4	1
178762269	3	3	0
178685361	12	9	3
178649073	6	6	0
178607246	6	6	0
178564744	5	4	1
178535198	1	1	0
178505232	8	7	1
178478649	6	6	0
178464190	20	12	8
178457786	6	6	0
178371943	5	3	2
178343130	6	6	0
178300186	9	6	3
178299222	8	7	1
178231205	2	2	0
178206646	11	8	3
178112851	21	12	9
178097868	78	47	31
178012692	6	6	0
177974964	5	5	0
177960874	10	6	4
177939842	10	7	3
177856725	2	2	0
177786581	8	7	1
177742209	3	3	0
177681815	14	9	5
177631519	3	3	0
177539526	16	10	6
177499012	6	6	0
177493405	20	11	9
177431773	5	5	0
177400233	6	6	0
177323955	5	5	0
177312664	12	6	6
177210097	12	9	3
177176484	6	6	0
177033203	6	6	0
176774829	4	4	0
176716083	8	7	1
176714696	6	6	0
176472634	6	6	0
176469482	10	8	2
176431868	6	6	0
176419463	6	6	0
176378550	9	7	2
176373428	6	6	0
176363891	6	6	0
176358332	10	8	2
176355692	11	7	4
176337946	4	4	0
176288973	7	6	1
176261827	6	6	0
176260623	11	8	3
176252813	13	10	3
176244115	6	6	0
176165695	9	5	4
176115908	6	6	0
176054243	5	5	0
176052095	1	1	0
176006130	3	3	0
175930227	5	5	0
175906122	10	6	4
175897417	6	6	0
175881722	15	10	5
175718971	5	5	0
175642253	3	3	0
175640524	3	3	0
175620684	15	5	10
175602247	8	7	1
175598449	3	3	0
175569206	2	2	0
175564082	7	5	2
175547969	5	4	1
175535385	16	9	7
175533906	6	6	0
175466381	1	1	0
175397027	227	95	132
175360490	11	7	4
175346634	10	6	4
175310932	6	6	0
175280960	5	5	0
175248201	5	5	0
175181378	42	21	21
175169553	13	10	3
175145716	5	5	0
175068111	16	8	8
175017016	6	6	0
174993665	6	6	0
174981799	6	6	0
174780299	50	26	24
174728238	3	3	0
174722615	3	3	0
174684122	6	6	0
174583788	7	6	1
174498789	12	9	3
174485423	8	6	2
174476587	5	5	0
174470517	7	6	1
174410736	6	6	0
174301357	7	5	2
174216737	6	6	0
174195486	3	3	0
174103594	5	5	0
174044588	6	6	0
174044398	8	7	1
173976809	10	8	2
173973171	6	6	0
173806541	6	6	0
173740158	5	5	0
173695385	3	3	0
173646940	13	9	4
173632931	6	6	0
173595446	3	3	0
173587596	14	9	5
173584270	3	3	0
173548542	12	4	8
173465036	6	6	0
173447194	5	5	0
173437833	4	3	1
173350917	2	2	0
173315406	12	7	5
173283500	7	6	1
173280761	13	9	4
173264858	6	6	0
173189180	6	4	2
173160994	6	6	0
173026220	10	8	2
173019289	2	2	0
173017583	12	11	1
172967182	6	6	0
172957119	4	4	0
172885706	6	6	0
172829771	6	6	0
172784209	1	1	0
172728007	6	6	0
172724515	5	5	0
172706412	25	11	14
172698345	15	9	6
172690872	10	8	2
172617816	6	4	2
172580275	6	6	0
172524089	3	3	0
172512249	7	5	2
172483984	19	12	7
172452763	2	2	0
172394132	6	6	0
172371885	2	2	0
172368474	12	9	3
172354442	5	5	0
172309397	6	6	0
172275025	6	6	0
172149113	5	5	0
172130725	6	6	0
172067954	6	6	0
172002015	11	7	4
171978563	20	11	9
171963575	10	7	3
171832699	10	8	2
171820635	9	7	2
171738747	6	6	0
171736011	3	2	1
171714789	19	11	8
171712468	5	5	0
171593897	27	14	13
171590094	8	7	1
171552075	17	11	6
171506855	10	7	3
171469535	5	5	0
171468206	11	8	3
171430715	5	5	0
171412500	3	3	0
171331370	13	9	4
171222612	9	7	2
171204527	5	4	1
171048464	6	6	0
171010930	6	6	0
170992162	8	7	1
170975162	8	7	1
170872395	5	5	0
170866230	9	7	2
170831912	8	7	1
170801615	6	6	0
170720513	11	8	3
170715565	6	6	0
170624273	5	5	0
170607649	6	6	0
170581781	19	12	7
170558054	3	3	0
170539859	12	7	5
170469666	13	9	4
170453549	5	5	0
170373791	12	9	3
170366968	6	6	0
170310118	2	2	0
170171244	6	6	0
170162992	6	6	0
170103551	6	6	0
170084381	1	1	0
170042489	8	7	1
170011697	15	10	5
169988857	3	3	0
169941911	8	7	1
169720913	6	6	0
169709378	6	6	0
169642207	8	4	4
169634973	1	1	0
169444691	10	7	3
169311433	5	5	0
169250256	5	4	1
169241151	6	6	0
169231412	6	3	3
169199939	5	5	0
169143287	9	8	1
169132634	6	6	0
169118056	6	6	0
169056906	2	2	0
169004726	6	6	0
168976714	8	7	1
168956344	5	5	0
168889162	13	8	5
168879500	6	6	0
168846563	7	4	3
168786623	9	7	2
168752981	3	3	0
168719710	8	6	2
168636879	6	6	0
168631207	6	6	0
168611748	6	6	0
168573375	7	5	2
168541495	7	6	1
168533672	8	7	1
168527448	8	7	1
168403548	8	6	2
168390302	6	6	0
168349290	2	2	0
168328603	5	5	0
168316981	14	7	7
168298256	7	6	1
168075524	9	7	2
168042604	6	6	0
168028520	10	8	2
168009301	6	6	0
167966970	3	3	0
167905815	20	12	8
167897631	6	6	0
167790623	5	5	0
167708952	11	8	3
167652286	5	5	0
167651612	5	4	1
167613987	20	13	7
167481412	6	6	0
167410848	3	3	0
167383780	5	5	0
167221837	5	5	0
167218495	2	2	0
167069216	5	5	0
166920595	6	6	0
166827474	8	5	3
166794749	23	13	10
166677404	6	6	0
166655614	6	6	0
166608591	8	7	1
166583158	6	6	0
166513850	6	6	0
166425705	9	7	2
166387606	6	6	0
166382140	2	2	0
166345903	6	6	0
166249337	11	8	3
166242029	5	5	0
166160743	9	7	2
166072246	8	7	1
166027066	6	6	0
166018963	5	5	0
165994591	2	2	0
165953490	6	6	0
165812534	15	7	8
165798318	8	7	1
165702723	13	9	4
165694275	6	6	0
165632232	6	4	2
165630215	6	6	0
165622140	11	6	5
165609684	8	7	1
165507418	6	6	0
165502894	14	10	4
165384544	6	6	0
165331530	16	9	7
165315367	18	11	7
165312781	11	8	3
165237068	6	6	0
165220098	5	5	0
165172025	5	3	2
165147556	6	6	0
165138755	5	5	0
165036734	6	6	0
165023835	5	5	0
165001954	19	12	7
164936800	6	6	0
164886100	13	9	4
164745920	4	3	1
164675942	3	3	0
164643240	13	11	2
164604487	2	2	0
164573819	6	6	0
164525259	5	5	0
164494716	5	5	0
164494454	41	17	24
164330824	6	6	0
164310257	6	6	0
164284669	8	7	1
164192726	8	7	1
164136233	6	6	0
164070736	4	4	0
164002830	5	5	0
163988855	6	6	0
163833698	8	7	1
163833219	6	6	0
163780493	8	7	1
163767918	6	6	0
163743474	6	6	0
163733300	3	3	0
163636248	27	17	10
163463202	12	8	4
163431248	3	3	0
163429275	15	9	6
163392156	6	6	0
163335929	3	3	0
163309554	6	6	0
163277119	14	8	6
163196412	14	10	4
163153705	6	6	0
163124374	10	8	2
163039961	17	11	6
163037271	13	8	5
163028915	12	9	3
163017454	9	8	1
163009220	5	5	0
162986170	6	6	0
162881860	16	11	5
162873059	6	6	0
162870590	2	2	0
162841107	12	9	3
162827989	9	6	3
162762352	6	6	0
162752124	5	5	0
162725923	4	4	0
162570064	6	6	0
162561014	10	8	2
162544595	6	6	0
162506000	6	6	0
162392378	11	8	3
162392075	10	5	5
162389775	8	5	3
162384494	6	6	0
162357772	8	7	1
162346689	6	6	0
162328889	13	8	5
162320163	8	7	1
162312223	26	15	11
162309255	6	6	0
162308863	34	20	14
162070832	6	6	0
161979913	22	15	7
161931375	5	5	0
161745150	19	11	8
161731944	6	6	0
161718808	5	5	0
161616635	16	9	7
161497154	13	8	5
161443229	6	6	0
161360058	9	8	1
161329216	6	6	0
161207928	6	6	0
161191318	3	3	0
161112257	22	11	11
161080339	6	6	0
161063133	3	3	0
161036160	6	6	0
161032821	15	10	5
160955392	10	7	3
160892001	5	5	0
160860790	6	6	0
160793218	5	5	0
160757001	2	2	0
160744436	22	12	10
160741331	2	2	0
160702816	5	5	0
160659010	2	2	0
160630119	4	3	1
160443316	6	6	0
160387501	6	6	0
160324530	14	9	5
160314119	4	4	0
160212733	6	6	0
160111160	11	8	3
160108355	7	6	1
159994431	7	4	3
159971879	6	6	0
159969005	3	3	0
159961370	7	6	1
159951569	16	9	7
159881151	6	6	0
159835787	6	4	2
159805068	6	6	0
159800163	11	6	5
159789576	6	6	0
159670724	8	7	1
159664428	22	14	8
159643761	6	6	0
159512124	5	5	0
159511817	6	6	0
159475803	3	3	0
159442030	3	3	0
159374705	12	9	3
159358226	13	8	5
159313296	25	14	11
159165367	29	19	10
159058677	6	6	0
159051118	6	6	0
158941664	6	5	1
158904569	6	6	0
158893298	6	6	0
158855750	6	6	0
158793630	5	4	1
158780500	6	6	0
158745733	6	6	0
158716643	103	33	70
158491802	36	18	18
158437950	6	6	0
158396712	6	6	0
158386861	6	6	0
158335442	6	4	2
158292105	6	6	0
158267405	6	6	0
158200592	9	7	2
158198942	6	6	0
158183847	6	6	0
158134553	9	7	2
158095174	10	6	4
157925722	6	6	0
157921069	8	7	1
157858667	6	6	0
157757275	61	30	31
157741980	5	5	0
157738983	16	9	7
157695896	5	5	0
157680998	13	7	6
157661492	5	5	0
157614990	2	2	0
157575810	6	6	0
157490821	10	8	2
157480699	3	3	0
157424783	5	5	0
157382863	12	7	5
157324098	6	6	0
157302512	5	5	0
157247884	14	8	6
157208107	5	5	0
157170894	3	3	0
157165802	10	8	2
157094123	11	8	3
157071734	6	6	0
157062840	8	7	1
157035384	6	6	0
156930466	3	3	0
156885720	6	6	0
156839542	2	2	0
156809804	6	6	0
156809527	7	4	3
156807842	37	20	17
156781955	6	6	0
156729930	8	7	1
156725888	6	6	0
156716554	3	3	0
156631390	8	7	1
156627780	6	6	0
156595459	10	8	2
156583658	10	8	2
156559185	26	15	11
156553361	10	8	2
156505901	6	6	0
156465828	5	5	0
156423660	2	2	0
156338978	6	6	0
156333378	6	6	0
156304740	6	6	0
156294202	6	6	0
156293511	6	6	0
156204740	10	8	2
156184984	7	6	1
156072757	6	6	0
155995327	6	6	0
155920095	11	8	3
155886172	6	6	0
155885354	15	10	5
155832823	13	9	4
155774659	6	6	0
155773384	10	7	3
155767464	6	6	0
155763346	12	8	4
155664084	3	3	0
155652355	6	6	0
155556540	23	13	10
155489848	6	6	0
155457178	35	20	15
155302126	6	4	2
155294311	6	6	0
155288103	22	12	10
155273319	3	3	0
155267589	6	6	0
155258347	11	8	3
155258050	5	4	1
155188817	6	5	1
155176237	6	6	0
155131147	4	4	0
155029181	8	4	4
155016773	29	14	15
154943612	6	6	0
154934051	8	7	1
154933542	6	6	0
154875415	8	7	1
154657021	7	6	1
154643265	12	9	3
154600425	10	8	2
154599016	6	6	0
154595519	3	3	0
154571908	2	2	0
154545511	10	6	4
154531232	7	6	1
154530395	12	5	7
154520881	9	6	3
154358287	6	6	0
154271958	11	7	4
154271092	6	6	0
154246544	7	6	1
154235029	6	6	0
154226027	6	6	0
154217821	13	9	4
154182793	3	3	0
154159746	8	7	1
154134550	20	11	9
154099456	6	6	0
154077393	12	7	5
153875811	3	3	0
153875409	2	2	0
153811114	10	6	4
153808327	15	9	6
153789856	14	9	5
153672357	6	6	0
153657732	6	6	0
153638967	5	5	0
153614968	7	6	1
153565836	5	5	0
153500181	6	6	0
153496426	14	10	4
153493894	6	4	2
153390868	10	7	3
153335785	6	6	0
153328838	10	8	2
153313114	7	4	3
153302537	18	11	7
153252947	90	36	54
153219005	6	6	0
153209521	8	7	1
153183699	6	5	1
153085592	6	6	0
153072737	5	5	0
153047891	6	6	0
153008504	9	7	2
152974465	6	6	0
152904282	10	7	3
152897506	6	6	0
152817998	10	8	2
152803874	6	6	0
152781075	6	6	0
152776167	3	3	0
152725561	12	8	4
152715665	6	6	0
152701874	14	10	4
152629653	2	2	0
152622278	6	6	0
152603338	6	6	0
152521825	3	3	0
152518189	6	6	0
152475446	1	1	0
152463186	6	6	0
152445912	12	9	3
152439149	14	8	6
152435959	6	6	0
152391425	10	7	3
152386089	3	3	0
152377203	24	12	12
152293740	3	3	0
152195273	5	5	0
152138842	6	6	0
152050171	6	6	0
152027544	6	6	0
152023769	6	6	0
152004305	6	5	1
151916404	8	6	2
151858595	11	8	3
151849994	3	3	0
151743865	19	9	10
151695412	4	4	0
151644405	9	7	2
151473200	17	12	5
151420895	3	3	0
151245086	2	2	0
151206056	7	4	3
151193771	34	22	12
151187501	5	5	0
151132899	6	6	0
151125409	8	7	1
151119480	15	10	5
151114444	3	3	0
151047219	1	1	0
151000912	6	6	0
150913498	6	6	0
150879783	2	2	0
150863953	6	6	0
150860002	10	8	2
150842818	5	5	0
150837137	13	9	4
150732915	11	8	3
150679037	5	3	2
150655127	13	8	5
150586880	28	16	12
150558943	5	5	0
150534193	5	5	0
150522536	34	17	17
150480199	3	3	0
150398005	5	5	0
150391945	6	6	0
149844705	5	5	0
149643300	5	5	0
149559708	11	9	2
149197159	6	6	0
149103263	6	6	0
149023704	6	6	0
148934971	6	6	0
148902996	9	6	3
148866899	9	7	2
148596909	18	10	8
148528460	10	8	2
148384888	6	6	0
148275759	6	6	0
148275334	18	11	7
148250832	7	6	1
148003740	6	6	0
147929044	6	6	0
147918925	3	3	0
147848271	2	2	0
147827536	6	6	0
147685315	6	6	0
147657184	1	1	0
147644037	5	5	0
147548665	5	5	0
147507738	5	5	0
147472442	6	6	0
147365557	17	10	7
147287076	6	6	0
147247257	3	3	0
147122059	34	11	23
147112318	30	16	14
147107677	6	6	0
146977596	5	5	0
146971059	12	6	6
146898270	11	8	3
146781003	5	5	0
146770196	9	5	4
146708922	23	13	10
146684679	9	7	2
146326788	6	6	0
146187461	6	6	0
146159272	6	6	0
146153214	3	3	0
146087706	3	3	0
146084779	6	6	0
146034440	6	6	0
145994777	30	16	14
145883651	2	2	0
145836537	6	6	0
145751974	6	6	0
145724524	6	6	0
145674580	6	6	0
145585661	12	9	3
145481563	6	6	0
145359406	7	6	1
145344160	6	6	0
145344074	3	3	0
145341907	11	7	4
145265218	2	2	0
145132887	6	6	0
145128063	25	18	7
145023899	6	6	0
145008335	3	3	0
145001366	6	3	3
144849623	6	6	0
144831831	1	1	0
144814227	10	8	2
144764742	6	6	0
144629554	5	5	0
144619468	6	6	0
144562795	3	3	0
144436289	8	4	4
144355715	11	8	3
144352389	6	4	2
144328965	3	3	0
144320051	2	2	0
144224807	9	7	2
144125964	3	3	0
144108157	15	10	5
144045668	6	5	1
143971415	6	6	0
143810645	10	8	2
143748241	2	2	0
143747024	5	5	0
143742706	5	5	0
143733310	6	6	0
143605360	1	1	0
143601678	5	5	0
143580742	13	9	4
143483918	8	7	1
143468556	6	6	0
143451851	8	7	1
143351952	10	8	2
143317722	6	6	0
143308235	6	6	0
143246222	6	6	0
143227236	6	6	0
143191519	6	6	0
143188892	40	20	20
143112486	2	2	0
143105501	5	5	0
143003723	6	6	0
142934668	3	3	0
142902146	6	6	0
142871362	3	3	0
142865086	1	1	0
142826644	6	6	0
142818828	2	2	0
142781950	6	6	0
142730513	6	6	0
142710023	3	3	0
142640598	6	6	0
142637524	9	7	2
142626024	8	7	1
142622575	12	9	3
142440009	8	6	2
142432700	17	11	6
142334069	5	5	0
142309434	3	3	0
142202810	6	6	0
142168775	5	5	0
142092377	6	5	1
141982168	10	7	3
141952230	6	6	0
141903278	8	6	2
141888720	6	6	0
141817768	5	5	0
141712867	6	6	0
141690639	6	6	0
141634226	2	2	0
141546416	6	6	0
141538514	31	19	12
141424226	17	10	7
141348786	6	6	0
141170123	13	9	4
141114720	5	5	0
140913672	6	6	0
140826052	2	2	0
140794783	8	6	2
140642508	6	6	0
140629803	9	7	2
140581594	9	7	2
140547127	5	5	0
140535812	6	6	0
140498087	16	10	6
140452492	6	6	0
140448462	15	8	7
140442260	18	11	7
140439112	8	7	1
140419245	8	7	1
140345204	8	7	1
140255829	8	7	1
140248558	6	6	0
140172686	6	6	0
140126122	6	6	0
140097611	5	5	0
140051172	6	6	0
140038551	10	8	2
140015379	6	6	0
139877769	4	4	0
139742657	8	7	1
139731050	6	6	0
139697624	18	11	7
139692090	3	3	0
139683750	6	4	2
139676610	6	6	0
139602793	16	10	6
139567091	39	24	15
139530991	5	5	0
139508193	5	5	0
139449095	7	5	2
139417774	5	5	0
139362532	6	6	0
139354333	4	2	2
139340378	4	4	0
139339690	17	10	7
139338420	6	6	0
139271603	10	8	2
139208601	9	6	3
139133946	10	8	2
139103316	15	10	5
139081379	6	6	0
139048474	11	8	3
139018839	6	6	0
139006231	6	6	0
139005140	6	6	0
138892044	5	5	0
138867945	2	2	0
138808864	29	17	12
138772990	2	2	0
138768957	6	6	0
138749689	2	2	0
138728798	6	6	0
138706633	9	5	4
138703859	6	6	0
138647158	11	8	3
138615673	5	5	0
138585345	13	9	4
138518696	8	7	1
138427195	6	6	0
138383200	6	6	0
138265811	6	6	0
138238315	5	5	0
138199350	5	5	0
138179256	6	6	0
138107823	2	2	0
138059927	9	7	2
138051514	9	6	3
138036314	6	6	0
137998291	5	5	0
137969443	5	4	1
137964580	6	6	0
137943038	2	2	0
137931664	20	11	9
137891983	10	8	2
137856530	5	5	0
137852446	7	6	1
137841683	5	5	0
137836393	15	9	6
137827076	11	9	2
137817307	6	6	0
137722357	10	4	6
137679728	6	6	0
137652774	9	7	2
137636712	5	5	0
137627051	5	3	2
137602170	22	11	11
137524658	6	6	0
137431987	8	7	1
137409770	12	8	4
137337848	6	6	0
137248236	5	5	0
137239595	3	3	0
137140989	6	6	0
137124215	6	6	0
137096070	4	4	0
137073386	8	5	3
137035359	2	2	0
137017971	3	3	0
136977473	15	5	10
136927814	6	6	0
136921658	5	5	0
136919512	47	22	25
136888849	6	6	0
136797895	6	6	0
136585167	2	2	0
136563780	3	3	0
136531756	6	6	0
136404702	6	6	0
136294872	6	6	0
136222403	15	8	7
136184039	1	1	0
136106973	10	8	2
136065476	2	2	0
136063114	5	5	0
136051218	6	6	0
135923255	6	6	0
135897371	9	6	3
135877508	8	5	3
135788324	12	7	5
135770286	20	12	8
135756056	6	6	0
135728014	10	8	2
135669031	6	6	0
135650949	6	6	0
135563563	52	21	31
135497512	7	5	2
135419719	2	2	0
135321466	6	6	0
135319172	10	8	2
135245258	11	8	3
135223278	6	6	0
135222129	6	6	0
135213076	5	5	0
134985713	11	8	3
134972173	6	6	0
134933520	6	6	0
134890901	12	9	3
134807921	10	5	5
134803008	6	6	0
134753202	5	5	0
134642787	13	9	4
134629894	11	9	2
134582691	6	6	0
134559934	6	6	0
134456044	3	3	0
134444888	6	6	0
134434156	6	6	0
134355819	6	6	0
134333561	6	6	0
134324730	6	6	0
134300124	14	10	4
134296255	6	6	0
134206205	6	6	0
134145374	8	7	1
134145054	6	6	0
134093639	6	6	0
133985246	6	6	0
133934649	8	7	1
133800843	8	5	3
133746200	12	9	3
133725452	6	6	0
133617967	10	8	2
133518452	12	7	5
133473589	13	7	6
133461862	3	3	0
133413975	7	6	1
133409412	8	6	2
133399781	6	6	0
133231744	8	4	4
133201539	1	1	0
133198177	6	6	0
133108956	5	4	1
133059244	6	6	0
132955201	8	5	3
132843731	2	2	0
132783990	8	7	1
132438622	3	3	0
132424636	15	10	5
132404170	12	9	3
132361296	5	4	1
132348834	5	5	0
132270970	35	18	17
132261923	6	6	0
132241302	1	1	0
132227821	14	9	5
132207336	16	8	8
132150128	10	8	2
132147340	6	4	2
132099781	5	5	0
131965698	1	1	0
131948327	6	6	0
131920948	3	3	0
131905995	8	7	1
131822942	22	12	10
131746656	6	6	0
131665584	3	3	0
131110687	13	8	5
130807324	9	7	2
130572283	18	12	6
130141324	6	6	0
129655845	5	5	0
129335435	5	5	0
128989122	6	6	0
128915033	5	5	0
128564069	5	5	0
128474765	9	6	3
128446585	3	3	0
128398485	7	6	1
127957856	8	7	1
127805088	12	7	5
127743583	7	5	2
127419772	9	7	2
127320321	1	1	0
127300788	6	6	0
127189052	6	6	0
126470119	5	4	1
126372658	9	7	2
126206749	5	5	0
126104359	8	5	3
126061818	13	9	4
125914650	9	5	4
125524157	7	6	1
124987984	3	3	0
124547526	35	18	17
124469472	8	7	1
124423905	8	7	1
124238366	8	7	1
124234873	7	5	2
124193999	9	7	2
124184246	7	6	1
124114179	5	5	0
124038313	11	9	2
123859539	2	2	0
123587138	6	6	0
123509594	6	6	0
123346543	4	4	0
123299423	7	6	1
123166618	17	10	7
123151552	15	7	8
123041241	6	6	0
123031673	2	2	0
122971117	7	6	1
122865511	6	6	0
122745046	5	5	0
122574859	8	6	2
122566845	21	9	12
122513193	6	6	0
122511930	11	8	3
122096139	6	6	0
122012646	6	6	0
121993710	5	5	0
121793476	6	6	0
121654020	6	6	0
121624691	8	6	2
121618508	11	8	3
121558648	6	6	0
121547311	6	6	0
121489488	16	10	6
121484345	13	8	5
121352474	16	10	6
121247808	3	3	0
121224636	2	2	0
121047890	17	10	7
120928081	6	6	0
120747310	22	12	10
120705749	5	5	0
120661675	8	5	3
120514227	6	6	0
120201047	6	6	0
119956612	6	6	0
119632317	10	5	5
119423184	6	6	0
119153937	11	6	5
118817817	16	11	5
118636583	4	4	0
118633379	8	7	1
118562526	21	8	13
118432692	2	2	0
118316329	5	5	0
118302123	11	8	3
118158463	5	5	0
118074006	12	9	3
117978184	3	3	0
117800597	3	3	0
117786650	11	8	3
117372985	3	3	0
117278647	6	6	0
116631336	6	6	0
115781926	12	8	4
115507325	6	6	0
115438861	11	7	4
115153219	9	7	2
114973959	11	8	3
114944196	6	6	0
114816299	9	7	2
114742057	7	4	3
114696884	5	5	0
114660237	6	6	0
114475060	5	5	0
114423194	6	6	0
113757643	40	22	18
113647642	10	7	3
113596367	4	4	0
113582842	6	6	0
113553499	3	3	0
113481422	16	10	6
113342814	8	5	3
112762944	3	3	0
112332094	6	6	0
112326054	6	6	0
112318481	23	13	10
112098748	6	6	0
111442829	3	3	0
110865162	9	5	4
110828641	13	8	5
110766906	6	6	0
110749423	6	6	0
110616295	2	2	0
110548399	7	6	1
109558912	9	5	4
109328894	6	6	0
109314748	6	6	0
109136969	6	6	0
109036736	6	6	0
109031099	5	5	0
108865848	8	7	1
108739314	12	8	4
108669272	6	6	0
108622887	6	6	0
108164723	6	6	0
107406518	1	1	0
107304324	10	8	2
107282449	6	6	0
106734811	7	4	3
106582332	6	4	2
106407801	40	23	17
106216305	6	6	0
106193896	14	8	6
106130929	6	6	0
105725870	10	7	3
105643443	6	6	0
105608778	12	8	4
105572503	6	6	0
105378864	2	2	0
105077045	26	11	15
104641066	8	7	1
104491554	11	8	3
104484588	6	6	0
104219662	10	8	2
104197809	3	3	0
104163527	21	12	9
104137430	3	3	0
104054107	5	5	0
103948089	6	6	0
103945538	2	2	0
103858985	6	6	0
103606874	10	8	2
103190577	17	12	5
103186189	6	6	0
103155598	2	2	0
103033154	27	15	12
102679834	9	7	2
102326295	6	6	0
102281319	5	5	0
102237881	6	6	0
101923698	25	17	8
101825490	2	2	0
101804250	1	1	0
101614665	10	7	3
101403339	3	3	0
101271999	14	11	3
101172671	7	6	1
101096448	18	10	8
101035049	6	6	0
101022755	5	5	0
101005042	1	1	0
100981818	6	6	0
100833477	1	1	0
100799760	9	8	1
100750223	10	7	3
100588175	15	6	9
100523061	6	6	0
99976386	6	6	0
99706760	8	7	1
99697450	6	6	0
99489112	1	1	0
99054392	11	8	3
98945643	6	6	0
98893425	10	5	5
98664523	6	6	0
98436728	6	6	0
97767284	8	6	2
97639908	3	3	0
97551151	5	5	0
97489385	4	3	1
97484555	10	8	2
97440246	17	8	9
97361692	5	5	0
97290760	3	3	0
97158978	5	5	0
97145296	12	7	5
97070233	3	3	0
96872202	12	9	3
96792394	2	2	0
96696405	8	7	1
96577286	6	6	0
96394329	6	6	0
96266908	10	8	2
96052406	3	3	0
95982169	8	7	1
95972690	6	6	0
95922315	17	11	6
95868073	6	6	0
95678891	3	3	0
95588597	7	5	2
95353552	10	8	2
95211652	3	3	0
95208794	7	6	1
94841549	3	3	0
94609815	6	6	0
94572572	22	13	9
94493417	12	7	5
94282967	8	6	2
94229612	13	9	4
94094381	6	6	0
93578568	6	6	0
93389653	10	8	2
92917475	13	9	4
92674931	6	6	0
92333960	14	9	5
92300983	7	6	1
92279664	16	9	7
91766348	23	14	9
91630176	5	5	0
91606702	11	6	5
91486282	6	6	0
91252589	5	4	1
91158320	6	6	0
91024050	2	2	0
91013559	2	2	0
90882764	20	12	8
90733187	8	5	3
90472859	8	5	3
90421192	11	8	3
90052558	6	6	0
89898502	9	7	2
89715287	8	5	3
89446072	1	1	0
89420172	3	3	0
89373877	6	6	0
89262465	3	3	0
89199827	5	5	0
89101935	5	5	0
88990337	6	6	0
88811716	25	15	10
88661374	16	10	6
88657782	6	6	0
88057688	10	6	4
88028938	3	3	0
87855847	13	10	3
87547629	14	10	4
87162435	6	6	0
86890892	15	10	5
86809838	6	6	0
86413958	13	8	5
85905532	10	8	2
85855759	6	6	0
85730844	6	6	0
85543625	6	6	0
85472926	6	6	0
85379163	1	1	0
85068964	6	6	0
85021181	5	5	0
84973097	4	4	0
84387110	6	6	0
84247841	5	5	0
84230666	3	3	0
84168529	6	6	0
83451826	16	11	5
83362217	6	6	0
83117410	8	7	1
83116808	9	7	2
82955166	6	6	0
82874928	7	6	1
81667688	10	8	2
81277951	14	8	6
81056386	5	5	0
81033736	10	8	2
80742402	6	6	0
80436175	8	7	1
80406398	11	8	3
80083354	2	2	0
79964853	8	5	3
79403426	8	7	1
79142810	6	6	0
78802563	5	5	0
78797235	2	2	0
78716978	3	3	0
78672091	22	11	11
78121516	11	8	3
78119939	3	3	0
78029608	6	6	0
78023611	21	11	10
77966253	28	17	11
77112046	22	13	9
76858459	16	9	7
76804686	16	12	4
76619255	18	8	10
76406857	6	6	0
75785096	7	6	1
75423482	3	3	0
75362824	17	10	7
74871459	6	6	0
74601239	14	7	7
74516147	6	6	0
74436858	27	13	14
74407730	11	8	3
74142932	16	11	5
74013427	6	6	0
73353362	6	6	0
73346582	10	6	4
73290165	3	3	0
73139072	6	6	0
73098453	6	6	0
73021807	10	5	5
72494137	2	2	0
72487394	13	9	4
72254557	10	8	2
72023698	2	2	0
71584315	3	3	0
71480636	9	7	2
71343962	8	7	1
71204071	8	6	2
71103926	2	2	0
71064834	11	8	3
70962983	5	5	0
70756279	3	3	0
70723328	6	6	0
70292694	8	5	3
70159374	6	6	0
69774297	6	6	0
69462846	5	5	0
69337530	8	6	2
69268730	6	6	0
69244707	6	6	0
68489420	6	5	1
68479616	6	6	0
67850793	3	3	0
67826896	5	5	0
67786648	5	5	0
67690400	13	8	5
67672289	9	7	2
67601307	6	6	0
67059258	6	6	0
66937673	9	7	2
66922583	5	5	0
66896628	9	7	2
66744523	6	6	0
66727603	6	6	0
66568701	17	12	5
66060755	11	6	5
66040059	13	8	5
65826186	3	3	0
65782497	6	6	0
65676704	6	6	0
65665351	6	6	0
65656895	3	3	0
65370543	11	8	3
65172828	6	6	0
64792021	14	10	4
64265586	6	6	0
64209471	5	5	0
64156005	22	15	7
63822831	6	6	0
63752069	5	5	0
63550257	3	3	0
62484258	3	3	0
62368690	17	9	8
61874159	15	9	6
61689239	8	7	1
61640405	6	6	0
61389404	25	14	11
61102358	3	3	0
60985092	1	1	0
60707957	12	9	3
60707791	5	5	0
60046035	10	8	2
59554891	6	6	0
59539957	6	6	0
59283667	3	3	0
58821772	6	6	0
58658204	8	5	3
58595032	18	12	6
58552226	12	9	3
58480824	12	9	3
58434460	11	8	3
58421688	14	10	4
58360125	5	5	0
58347016	5	5	0
58178019	18	11	7
57591451	6	6	0
57193881	8	7	1
56771374	3	3	0
56478050	12	9	3
56243256	5	5	0
56185742	122	52	70
56008305	5	5	0
55802472	12	8	4
55639169	5	5	0
55453428	20	12	8
55256682	10	8	2
55037516	3	3	0
54976214	1	1	0
54966517	6	6	0
54567370	20	9	11
54033192	1	1	0
53833619	6	6	0
53767964	6	6	0
53257145	1	1	0
52516001	5	5	0
51833894	3	3	0
51222738	6	6	0
51075092	7	6	1
50537485	13	10	3
50284050	3	3	0
49705697	59	25	34
49632849	8	7	1
49496336	6	3	3
49403482	2	2	0
49286719	6	6	0
47931318	6	6	0
47607906	1	1	0
47058676	6	6	0
46808863	5	5	0
46449489	6	6	0
45919868	6	6	0
45914983	5	5	0
45247589	3	3	0
45160578	5	5	0
44717956	5	5	0
44610488	6	6	0
44416168	7	6	1
44376708	6	6	0
43431410	8	7	1
42838411	6	6	0
42347780	5	5	0
42089955	12	9	3
41464818	10	8	2
41276459	12	8	4
41060687	5	5	0
40864241	17	11	6
40259111	16	8	8
39938070	5	5	0
39852578	9	5	4
39615765	6	6	0
39575615	6	6	0
39011418	7	6	1
38357772	5	5	0
37743879	6	6	0
37677710	15	5	10
33597415	6	6	0
33412452	6	6	0
32596113	5	5	0
32113345	5	5	0
31950599	11	8	3
31631821	9	5	4
29939928	3	3	0
28789798	12	9	3
27903193	7	6	1
27824367	6	6	0
24846354	15	10	5
24628675	6	6	0
24416109	6	6	0
22510125	9	7	2
17595986	11	8	3
16945455	6	6	0
15970926	5	4	1
14453392	6	6	0
14165678	14	10	4
13029764	12	8	4
9206330	6	6	0
8642588	10	8	2
8345940	5	5	0
6629705	5	4	1
5125376	6	4	2
3602010	10	6	4
3424983	6	6	0
1658327	16	11	5
1526163	10	8	2
431551254	4	2	2
474288529	16	9	7
252268778	3	2	1
220246321	8	5	3
282646680	12	5	7
139656221	23	12	11
166475236	11	6	5
268869714	11	6	5
520431279	4	2	2
152330379	3	1	2
346990727	20	10	10
122716447	117	46	71
178183319	15	6	9
519482571	10	4	6
407601108	12	5	7
151629638	17	5	12
312572223	12	7	5
441100124	11	5	6
181065409	13	5	8
256580926	36	13	23
371779853	21	10	11
284946391	22	13	9
72671902	18	8	10
497281507	21	9	12
221102640	4	2	2
222252696	17	7	10
199883101	2	1	1
373765130	16	8	8
406929921	10	6	4
538297823	21	9	12
92437715	10	6	4
150810428	4	2	2
87215379	5	2	3
343069593	14	7	7
233076440	10	4	6
526372982	5	1	4
109436786	10	5	5
452064594	4	2	2
543656360	6	3	3
365534909	5	2	3
202905853	35	19	16
198435202	8	4	4
269155388	22	8	14
161367735	9	4	5
479831024	6	3	3
157624919	10	6	4
508222454	31	18	13
451633449	6	2	4
316507871	11	7	4
137676205	7	4	3
387511890	9	5	4
139536978	10	5	5
227437234	3	1	2
167020712	8	4	4
136047492	10	4	6
86431481	7	4	3
234719402	8	4	4
424878708	3	1	2
151073475	3	1	2
276902154	22	9	13
315849087	13	10	3
172136705	14	6	8
190846948	10	6	4
161021786	5	2	3
217779669	18	8	10
533962475	11	5	6
380499150	4	2	2
492012389	7	3	4
309389388	4	2	2
510216508	6	4	2
172696201	9	4	5
199829661	7	4	3
91369543	6	3	3
417100885	2	1	1
152692851	7	4	3
407687427	4	0	4
31793065	6	3	3
307306219	6	3	3
489777758	13	8	5
216857834	11	6	5
180033157	2	1	1
77931245	14	7	7
381374477	7	4	3
407179642	23	9	14
176490090	33	15	18
12672084	7	7	0
170951319	15	6	9
147887024	19	8	11
220594236	6	3	3
465727328	20	6	14
195311887	12	5	7
123810997	9	4	5
28903981	7	4	3
230178133	26	10	16
162957119	128	54	74
518939395	9	5	4
252468408	12	6	6
362434674	35	19	16
506639328	10	4	6
251137793	5	2	3
145220928	10	5	5
71627049	2	1	1
204945038	11	5	6
87560143	3	1	2
138947790	2	1	1
445061003	4	1	3
431398641	3	1	2
423861288	10	5	5
277256557	10	4	6
429118579	7	3	4
190502681	17	8	9
162274572	20	9	11
220913332	10	3	7
138575470	18	7	11
288229561	17	7	10
504520260	73	22	51
44058254	24	10	14
332338906	11	6	5
349929643	12	6	6
395745211	17	6	11
185880418	7	3	4
416731962	2	1	1
474248403	5	3	2
542225346	12	5	7
347431252	10	3	7
409439496	4	2	2
336133315	28	11	17
168438070	27	11	16
166826425	8	3	5
171290862	8	4	4
450600459	10	4	6
165521752	10	5	5
520754907	8	4	4
274172828	11	6	5
239481265	9	4	5
538571500	10	4	6
143927383	4	2	2
458818090	7	3	4
172510578	6	3	3
164280411	13	6	7
166830732	9	3	6
181008256	10	6	4
298880200	7	3	4
330427715	7	3	4
360652335	6	3	3
506212911	8	3	5
208771927	7	2	5
370823275	12	4	8
216314166	7	2	5
150809312	4	2	2
172561318	5	2	3
259139907	16	6	10
181465433	13	8	5
238410574	3	1	2
154669649	26	12	14
177772684	21	7	14
307112088	4	2	2
179854846	18	7	11
516817201	15	6	9
64250211	28	15	13
106302579	22	8	14
195032969	4	2	2
184710891	31	15	16
376163404	5	2	3
389307237	10	4	6
59230324	15	6	9
223751743	6	3	3
338451785	7	4	3
170933890	9	5	4
195388299	7	3	4
40930260	14	6	8
207991198	5	2	3
137032321	16	6	10
402101775	4	2	2
195906013	5	3	2
174806390	8	3	5
215650709	10	5	5
239186216	23	8	15
325341106	7	4	3
434890603	9	5	4
365450429	10	5	5
358976514	5	2	3
89295389	8	4	4
184538268	3	1	2
156013814	19	8	11
270150751	4	2	2
153610343	8	4	4
439550436	6	3	3
269693861	7	3	4
266473129	11	4	7
124968658	6	3	3
135950991	5	3	2
82281753	10	5	5
265903623	2	1	1
132242236	2	1	1
317127672	8	3	5
456651969	7	2	5
358300218	7	3	4
183272486	6	3	3
176003511	7	3	4
73600676	16	7	9
156290383	6	3	3
160700936	5	2	3
108431226	7	4	3
314351731	4	2	2
324367941	7	2	5
211109066	2	1	1
322704767	5	2	3
275956322	2	1	1
150976610	3	1	2
209386907	2	1	1
345022558	2	1	1
174866284	6	3	3
141121308	4	1	3
128404309	13	5	8
526453293	8	4	4
353764728	9	4	5
154853685	9	4	5
216106341	10	6	4
305610805	10	5	5
151149503	13	7	6
406349379	8	2	6
336847489	10	3	7
34510373	13	7	6
189760224	10	5	5
452728315	3	2	1
441163779	2	1	1
389737032	7	3	4
467280030	7	4	3
543580048	8	4	4
182309904	15	9	6
75357288	12	4	8
201205817	11	4	7
260382273	2	1	1
373353206	2	1	1
490458492	2	1	1
157695878	13	6	7
96192644	5	3	2
73273232	8	5	3
347130639	11	5	6
186803451	4	2	2
255429171	8	4	4
543362278	9	2	7
196516417	5	3	2
78683317	12	5	7
134805657	6	3	3
429783055	25	10	15
220720784	7	3	4
451124504	8	3	5
325494748	9	4	5
346573353	11	5	6
161400276	9	5	4
522664333	8	4	4
266669392	2	1	1
493218214	5	2	3
494178698	2	1	1
261872176	3	2	1
198835311	7	3	4
184737522	9	4	5
261712412	6	3	3
144594569	4	2	2
95127543	7	3	4
507288584	12	6	6
160387286	7	2	5
240329343	4	2	2
159888868	8	3	5
202366650	9	3	6
261724672	5	2	3
184441873	5	2	3
131890593	3	1	2
438919706	4	2	2
426444797	3	1	2
135830022	3	1	2
324720258	3	1	2
262335913	4	2	2
376980026	12	5	7
155120005	6	4	2
405627393	17	7	10
284234108	3	1	2
177810661	18	10	8
226040866	6	3	3
526334051	2	1	1
367223161	12	5	7
206356653	8	4	4
153245715	7	3	4
260757629	23	12	11
340096550	5	3	2
156831114	8	3	5
499547695	11	6	5
405096162	2	1	1
227789349	11	2	9
75349612	5	3	2
175634351	2	1	1
498077971	14	5	9
427683548	4	1	3
371469551	8	4	4
267406283	3	1	2
175374875	3	1	2
202547159	7	4	3
428313035	9	5	4
304262937	3	1	2
372940858	5	2	3
166474350	12	5	7
155839997	3	1	2
415951431	15	7	8
301352736	8	5	3
504972615	7	5	2
365236474	3	3	0
124986327	10	5	5
155429180	6	3	3
257714037	8	4	4
543572644	3	2	1
542772667	3	2	1
522508307	5	3	2
520619618	6	3	3
519662544	4	2	2
515148663	37	18	19
499985582	3	2	1
492270553	30	10	20
489392825	1	1	0
487252754	3	2	1
478726087	14	7	7
474494465	6	4	2
467627661	6	3	3
467314737	3	2	1
461788174	15	8	7
453615962	8	3	5
453164361	3	2	1
450491301	7	4	3
450363307	1	1	0
448894391	5	2	3
444847679	3	2	1
438432414	3	2	1
436021851	10	4	6
428091505	5	3	2
426459868	5	3	2
423538171	8	4	4
420834399	4	2	2
417516887	3	2	1
401623118	10	4	6
393855347	3	2	1
374252749	3	3	0
372977101	8	4	4
367657557	12	6	6
364733433	4	2	2
361982085	5	3	2
358511848	20	11	9
355930723	6	3	3
355550666	1	1	0
354285797	5	3	2
354216552	4	2	2
335096236	3	2	1
333078381	4	2	2
330904260	3	2	1
327634205	4	2	2
326305654	1	1	0
325467803	3	2	1
325451213	1	1	0
322281344	8	4	4
321498656	6	3	3
320017103	3	2	1
318628326	2	1	1
317442505	6	3	3
315328083	6	3	3
314667008	3	2	1
312898958	1	1	0
312500091	4	2	2
299023678	14	6	8
298660436	4	2	2
293135013	3	2	1
291865749	3	2	1
291417369	4	2	2
289293185	5	3	2
288215102	6	3	3
287015018	1	1	0
284560900	3	2	1
284280625	3	2	1
283863602	1	1	0
283048096	6	3	3
280077341	11	5	6
278115805	1	1	0
276514288	3	2	1
269831836	4	2	2
269458591	9	4	5
264038208	7	4	3
263567484	3	2	1
258559166	4	2	2
258103361	5	3	2
254580040	3	2	1
249730452	1	1	0
247881835	1	1	0
245889871	1	1	0
243047048	8	3	5
242270662	3	2	1
241600925	3	2	1
240419438	4	2	2
239359649	6	4	2
239130546	3	2	1
238526838	6	3	3
234450460	3	2	1
234401408	13	5	8
232908991	9	4	5
232560934	7	3	4
229016267	8	4	4
226735775	5	2	3
225181874	5	3	2
224830802	3	2	1
224742985	1	1	0
223716376	8	3	5
223047163	3	2	1
220940080	3	2	1
219918511	4	2	2
219249917	4	2	2
217523946	10	4	6
215229065	4	2	2
213724612	4	2	2
209848720	4	2	2
209751366	3	2	1
209478422	4	2	2
208691301	29	12	17
207207906	11	4	7
207202301	1	1	0
206701759	7	4	3
206322011	1	1	0
204924554	3	2	1
202936298	5	3	2
201325604	1	1	0
200178457	16	8	8
199875695	1	1	0
199836393	8	3	5
197302612	6	3	3
196315105	14	7	7
195719329	3	2	1
194363489	3	2	1
191805029	1	1	0
188366231	3	2	1
186087701	7	4	3
184801011	12	5	7
184790923	5	3	2
184186685	5	2	3
183877009	6	3	3
182866672	6	4	2
182267098	1	1	0
182132877	7	4	3
181465548	8	4	4
177664367	5	3	2
174636553	5	3	2
171746221	3	2	1
170586355	3	2	1
170475299	12	6	6
170045994	3	2	1
169983368	7	4	3
168969164	11	4	7
165125720	9	5	4
164172005	3	2	1
163830598	1	1	0
159961422	3	2	1
159344096	1	1	0
158020904	18	7	11
157050843	1	1	0
155585482	10	6	4
153489243	5	3	2
151649403	3	2	1
150594944	1	1	0
148542154	3	2	1
147307755	1	1	0
146709691	3	2	1
146706548	3	2	1
146465869	7	3	4
145688508	3	2	1
145160717	1	1	0
143318272	17	8	9
143210262	3	2	1
141061207	5	3	2
140661823	3	2	1
136340577	3	2	1
134017089	9	5	4
123606110	1	1	0
121136644	5	3	2
120921936	1	1	0
120856402	3	2	1
120467209	9	4	5
112011680	4	2	2
110612810	4	2	2
103852583	1	1	0
99647627	4	2	2
92927601	1	1	0
89350302	1	1	0
86599026	3	2	1
85653101	3	2	1
84524954	3	2	1
79853794	5	3	2
67932135	3	2	1
60990566	5	3	2
53318580	5	3	2
52048252	9	5	4
44351820	7	4	3
32888911	1	1	0
